1449.020492476916
1460.2789305117083
1471.6904505992081
1483.2988439033593
1495.1367136963884
1507.1192444891822
1519.3297773933366
1531.7706588692588
1544.3882060225544
1557.249619566191
1570.3528274126465
1583.6601546943516
1597.2203326612728
1611.0277292978205
1625.097891719828
1639.405047993015
1653.991652473369
1668.8474294616724
1683.9969623804914
1699.420961707923
1715.1751968065523
1731.188760149857
1747.591670140052
1764.2312171736392
1781.2389062348711
1798.5974658151601
1864.3353934686133
1872.6694070331625
1891.6937842833026
1911.6700929907338
1931.633323452153
1952.348058215247
1973.323479426637
1994.8639024410054
2016.858148683497
2039.2514353465997
2062.292571145032
2085.860685043438
2109.9472712844276
2134.6287611918824
2159.920119717992
2185.818531225276
2212.3722415056427
2239.5732549068803
2267.4864663772637
2296.1182485036647
2325.5074810248
2355.67161991725
2386.6491663023435
2418.4696108141216
2451.1733831180845
