#Here are the wavelength that define the 50% flux between overlaping orders in the earth reference frame.
978.6290143537317
991.2739659469031
1004.2819232520341
1017.6016342936405
1031.2899224555326
1045.2871654805397
1059.6366201142914
1074.4830871455956
1089.7621395997999
1105.4133996557125
1121.49352740017
1138.1020770058944
1155.2213518065025
1172.8001493513543
1190.9947253834814
1209.7488486284415
1229.1050493827397
1249.0499112440416
1269.6832043964519
1290.9854512420397
1313.0082637825
1335.8745090540651
1359.427338372824
1384.0050089076863
1409.2281332431564
1435.4956818762305
1462.7019786278715
1491.0578515900133
1520.4616433541005
1550.9863688905575
1582.800753169139
1616.0183072906877
1650.5798796216195
1686.7017280712555
1724.5358474559876
1763.9663199148624
1805.230192643347
1848.5217827558147
1893.7674594007547
1941.5279376912868
1991.6274015451759
2044.6424178711752
2100.0940283539894
2160.130711127122
2223.701904841677
2291.1363332659994
2362.777284514197
