gj338b 3952 30 4.710 0.052 -0.080 0.100 0.050 0.040 
gj410 3842 31 4.870 0.052 0.050 0.100 0.050 0.040 
gj846 3833 31 4.690 0.053 0.070 0.100 -0.010 0.040 
gj205 3771 31 4.700 0.054 0.430 0.101 -0.080 0.040 
gj880 3702 31 4.720 0.053 0.260 0.101 -0.040 0.040 
gj514 3699 31 4.740 0.052 -0.070 0.100 0.040 0.040 
gj382 3644 31 4.750 0.054 0.150 0.100 -0.020 0.040 
gj412a 3620 31 4.790 0.052 -0.420 0.100 0.120 0.040 
gj15a 3611 31 4.800 0.053 -0.330 0.100 0.100 0.040 
gj411 3589 31 4.740 0.053 -0.380 0.100 0.190 0.041 
gj752a 3558 31 4.690 0.054 0.110 0.100 -0.010 0.040 
gj48 3529 31 4.680 0.054 0.080 0.100 0.070 0.041 
gj617b 3525 31 4.840 0.057 0.200 0.101 0.000 0.040 
gj480 3509 31 4.880 0.058 0.260 0.101 -0.010 0.040 
gj436 3508 31 4.750 0.054 0.030 0.100 0.000 0.040 
gj849 3502 31 4.880 0.057 0.350 0.102 -0.040 0.040 
gj408 3487 31 4.790 0.054 -0.090 0.101 0.040 0.041 
gj687 3475 31 4.710 0.054 0.010 0.101 0.060 0.041 
gj725a 3470 31 4.770 0.055 -0.260 0.101 0.150 0.041 
gj317 3421 31 4.710 0.059 0.230 0.102 -0.040 0.040 
gj251 3420 31 4.710 0.056 -0.010 0.101 -0.010 0.040 
gj4063 3419 31 4.770 0.060 0.420 0.102 -0.070 0.040 
gj581 3406 31 4.820 0.055 -0.070 0.101 0.010 0.040 
gj725b 3379 31 4.820 0.057 -0.280 0.101 0.140 0.041 
gj876 3366 31 4.800 0.060 0.150 0.102 -0.040 0.040 
pmj09553-2715 3366 31 4.760 0.058 -0.030 0.101 -0.020 0.040 
gj1012 3363 31 4.660 0.055 0.070 0.101 0.010 0.041 
gj4333 3362 31 4.720 0.060 0.250 0.102 -0.020 0.040 
gj445 3356 31 4.850 0.061 -0.240 0.102 0.140 0.041 
gj1148 3354 31 4.700 0.056 0.110 0.101 0.010 0.040 
pmj08402+3127 3347 31 4.760 0.056 -0.080 0.101 0.010 0.041 
gj3378 3326 31 4.810 0.058 -0.050 0.101 -0.010 0.040 
gj1105 3324 31 4.630 0.065 -0.040 0.102 -0.050 0.040 
gj699 3311 31 5.110 0.057 -0.370 0.102 0.160 0.041 
gj169.1a 3307 31 4.710 0.061 0.130 0.101 -0.070 0.040 
pmj21463+3813 3305 33 5.060 0.080 -0.380 0.104 0.250 0.042 
gj15b 3272 31 4.890 0.060 -0.420 0.102 0.040 0.041 
gj1289 3238 32 5.000 0.065 0.050 0.103 -0.000 0.040 
gj447 3198 31 4.820 0.061 -0.130 0.102 -0.010 0.040 
gj1151 3178 31 4.710 0.062 -0.160 0.102 -0.030 0.040 
gj1103 3170 31 4.670 0.064 -0.030 0.103 -0.000 0.040 
gj905 3069 31 4.780 0.077 0.050 0.106 -0.060 0.040 
gj1002 2980 33 4.700 0.079 -0.330 0.106 -0.000 0.040 
gj1286 2961 33 4.550 0.117 -0.230 0.104 -0.040 0.042 