mann_2015 Mann_et_al_(2015)
gl15a    3603.000   60.000    4.860    0.052   -0.300    0.080    0.388    0.013    0.398    0.040
gl15b    3218.000   60.000    5.072    0.057   -0.300    0.080    0.192    0.008    0.159    0.016
gl1009   3600.000   60.000    4.734    0.063    0.270    0.080    0.528    0.028    0.551    0.055
gl1029   2981.000   61.000    5.037    0.066    0.140    0.080    0.193    0.011    0.148    0.015
gl53.1b  3232.000   60.000    4.902    0.057    0.250    0.030    0.308    0.013    0.276    0.028
gl54.1   3056.000   60.000    5.102    0.062   -0.260    0.080    0.168    0.009    0.130    0.013
gl56.3b  3935.000   64.000    4.686    0.057    0.010    0.080    0.604    0.026    0.645    0.064
gl3098   3641.000   60.000    4.779    0.060   -0.200    0.080    0.460    0.022    0.464    0.046
gl3105   3269.000   63.000    4.956    0.066    0.060    0.080    0.280    0.016    0.258    0.026
gl3108   3852.000   60.000    4.660    0.062    0.250    0.080    0.626    0.032    0.653    0.065
gl70     3458.000   60.000    4.807    0.056   -0.130    0.080    0.414    0.017    0.401    0.040
gl3119   3011.000   61.000    5.082    0.058   -0.030    0.080    0.173    0.008    0.132    0.013
gl79     3900.000   60.000    4.669    0.052    0.140    0.080    0.620    0.021    0.654    0.065
gl83.1   3080.000   60.000    5.053    0.063   -0.160    0.080    0.187    0.010    0.144    0.014
gl87     3638.000   62.000    4.789    0.055   -0.360    0.080    0.443    0.017    0.440    0.044
gl3142   3257.000   60.000    4.953    0.062    0.090    0.080    0.277    0.014    0.251    0.025
gl3146   2829.000   60.000    5.130    0.069   -0.030    0.080    0.145    0.009    0.103    0.010
gl3147   2880.000   60.000    5.138    0.057    0.170    0.080    0.150    0.007    0.113    0.011
gl3150   3216.000   60.000    4.937    0.064   -0.070    0.080    0.273    0.015    0.235    0.023
gl96     3785.000   62.000    4.672    0.053    0.140    0.080    0.599    0.021    0.614    0.061
gl102    3199.000   62.000    5.059    0.066   -0.000    0.080    0.204    0.012    0.174    0.017
gl104    3542.000   62.000    4.726    0.057    0.120    0.080    0.512    0.022    0.508    0.051
gl105b   3284.000   60.000    4.941    0.054   -0.120    0.030    0.278    0.010    0.246    0.025
gl109    3405.000   60.000    4.851    0.054   -0.100    0.080    0.364    0.014    0.343    0.034
gl118.2c 3227.000   60.000    4.847    0.058    0.280    0.030    0.347    0.015    0.309    0.031
gl3195   3500.000   61.000    4.802    0.055   -0.120    0.080    0.424    0.016    0.415    0.042
gl134    3700.000   61.000    4.648    0.061    0.530    0.080    0.628    0.031    0.639    0.064
gl3253   3079.000   60.000    5.038    0.059    0.010    0.080    0.204    0.009    0.166    0.017
gl166c   3167.000   60.000    4.909    0.055   -0.210    0.080    0.274    0.011    0.222    0.022
gl169    4124.000   62.000    4.636    0.052    0.390    0.080    0.687    0.023    0.744    0.074
gl172    3929.000   60.000    4.684    0.052   -0.110    0.080    0.608    0.020    0.651    0.065
gl173    3671.000   61.000    4.817    0.055   -0.040    0.080    0.444    0.017    0.472    0.047
gl176    3680.000   60.000    4.820    0.057    0.140    0.080    0.452    0.019    0.492    0.049
gl180    3506.000   60.000    4.806    0.058   -0.240    0.080    0.421    0.019    0.413    0.041
gl3323   3143.000   60.000    5.041    0.055   -0.060    0.080    0.201    0.008    0.161    0.016
gl3325   3365.000   60.000    4.950    0.059   -0.120    0.080    0.284    0.013    0.262    0.026
gl205    3801.000   60.000    4.711    0.052    0.490    0.080    0.581    0.019    0.633    0.063
gl208    3966.000   60.000    4.691    0.052    0.050    0.080    0.601    0.020    0.646    0.065
gl212    3765.000   60.000    4.703    0.055    0.190    0.030    0.568    0.022    0.593    0.059
gl213    3250.000   60.000    4.955    0.057   -0.220    0.080    0.264    0.011    0.229    0.023
gl3379   3214.000   60.000    4.952    0.055    0.070    0.080    0.263    0.010    0.226    0.023
gl3378   3340.000   60.000    4.968    0.055   -0.090    0.080    0.269    0.011    0.245    0.024
gl3380   3000.000   60.000    5.115    0.062    0.010    0.080    0.164    0.008    0.127    0.013
gl3388   3326.000   60.000    4.931    0.059   -0.080    0.080    0.284    0.013    0.251    0.025
gl232    3165.000   60.000    5.047    0.060   -0.180    0.080    0.195    0.010    0.154    0.015
gl239    3801.000   60.000    4.859    0.053   -0.340    0.080    0.423    0.015    0.471    0.047
gl3408b  3656.000   62.000    4.829    0.058   -0.260    0.030    0.419    0.019    0.432    0.043
gl1092   3207.000   61.000    5.044    0.064   -0.510    0.080    0.201    0.011    0.163    0.016
gl250b   3481.000   60.000    4.760    0.054    0.140    0.030    0.460    0.017    0.444    0.044
gl251    3448.000   60.000    4.877    0.053   -0.020    0.080    0.358    0.013    0.352    0.035
gl272    3703.000   62.000    4.720    0.059    0.050    0.080    0.543    0.025    0.564    0.056
gl273    3317.000   60.000    4.893    0.054   -0.110    0.080    0.315    0.012    0.283    0.028
gl1097   3448.000   60.000    4.824    0.060   -0.010    0.080    0.404    0.019    0.397    0.040
gl277.1  3681.000   60.000    4.866    0.057   -0.370    0.080    0.385    0.016    0.397    0.040
gl3459   3358.000   60.000    4.904    0.062   -0.180    0.080    0.315    0.016    0.290    0.029
gl281    3771.000   60.000    4.646    0.055    0.120    0.080    0.626    0.025    0.633    0.063
gl289    3576.000   60.000    4.882    0.062   -0.450    0.080    0.354    0.018    0.348    0.035
gl297.2b 3544.000   62.000    4.711    0.053   -0.000    0.080    0.523    0.019    0.513    0.051
gl2066   3500.000   60.000    4.766    0.054   -0.120    0.080    0.461    0.017    0.452    0.045
gl1111   2800.000   60.000    5.233    0.059   -0.150    0.080    0.123    0.006    0.094    0.009
gl324b   3166.000   61.000    4.942    0.060    0.310    0.030    0.273    0.013    0.238    0.024
gl338a   3920.000   60.000    4.741    0.060   -0.010    0.080    0.550    0.026    0.607    0.061
gl353    3692.000   60.000    4.735    0.056   -0.200    0.080    0.518    0.021    0.532    0.053
gl361    3500.000   60.000    4.739    0.055   -0.050    0.080    0.485    0.019    0.470    0.047
gl1129   3243.000   60.000    4.914    0.060    0.100    0.080    0.296    0.014    0.262    0.026
gl380    4131.000   60.000    4.660    0.050    0.240    0.080    0.651    0.019    0.707    0.071
gl382    3623.000   60.000    4.723    0.054    0.130    0.080    0.522    0.019    0.525    0.053
gl388    3370.000   60.000    4.770    0.055    0.150    0.080    0.435    0.017    0.406    0.041
gl390    3700.000   60.000    4.761    0.056   -0.020    0.080    0.497    0.020    0.520    0.052
gl393    3548.000   60.000    4.821    0.055   -0.180    0.080    0.420    0.016    0.426    0.043
gl402    3238.000   60.000    4.947    0.058    0.160    0.080    0.276    0.012    0.246    0.025
gl403    3298.000   62.000    4.922    0.065   -0.130    0.080    0.295    0.016    0.265    0.027
gl3631   3039.000   60.000    5.113    0.060    0.100    0.080    0.165    0.008    0.128    0.013
gl406    2818.000   60.000    5.178    0.057    0.250    0.080    0.135    0.006    0.100    0.010
gl411    3563.000   60.000    4.845    0.053   -0.380    0.080    0.389    0.013    0.386    0.039
gl412a   3619.000   60.000    4.863    0.052   -0.370    0.080    0.383    0.013    0.390    0.039
gl412b   2863.000   60.000    5.215    0.057   -0.320    0.080    0.126    0.005    0.095    0.009
gl3668   3109.000   62.000    5.068    0.057   -0.070    0.080    0.190    0.009    0.154    0.015
gl1148   3304.000   61.000    4.814    0.061    0.070    0.080    0.376    0.018    0.336    0.034
gl436    3479.000   60.000    4.782    0.057    0.010    0.080    0.449    0.019    0.445    0.044
gl447    3192.000   60.000    5.076    0.056   -0.020    0.080    0.197    0.008    0.168    0.017
gl1151   3118.000   60.000    5.067    0.059    0.030    0.080    0.190    0.009    0.154    0.015
gl3707   3385.000   60.000    4.844    0.059    0.260    0.080    0.390    0.018    0.387    0.039
gl458.2  3900.000   61.000    4.633    0.066    0.140    0.080    0.669    0.038    0.701    0.070
gl459.3  3993.000   60.000    4.669    0.066    0.460    0.080    0.643    0.037    0.703    0.070
gl471    3726.000   61.000    4.675    0.054   -0.040    0.080    0.591    0.022    0.603    0.060
gl480    3463.000   60.000    4.771    0.064    0.260    0.080    0.466    0.025    0.467    0.047
gl488    3989.000   60.000    4.662    0.051    0.240    0.080    0.646    0.020    0.698    0.070
gl505b   3709.000   60.000    4.708    0.053   -0.120    0.030    0.539    0.019    0.541    0.054
gl507.1  3650.000   60.000    4.661    0.057    0.400    0.080    0.598    0.025    0.597    0.060
gl512a   3498.000   60.000    4.774    0.063    0.080    0.080    0.461    0.024    0.461    0.046
gl514    3727.000   61.000    4.792    0.052   -0.090    0.080    0.483    0.016    0.527    0.053
gl525    3828.000   60.000    4.772    0.053   -0.540    0.080    0.494    0.017    0.526    0.053
gl526    3649.000   60.000    4.747    0.052   -0.310    0.080    0.478    0.016    0.465    0.046
gl544b   3191.000   60.000    5.060    0.056   -0.180    0.030    0.203    0.009    0.173    0.017
gl545    3341.000   60.000    4.965    0.058   -0.170    0.080    0.276    0.012    0.256    0.026
gl549b   3479.000   60.000    4.812    0.053   -0.110    0.080    0.414    0.015    0.405    0.040
gl555    3211.000   60.000    4.892    0.056    0.170    0.080    0.310    0.013    0.273    0.027
gl581    3395.000   60.000    4.918    0.055   -0.150    0.080    0.311    0.012    0.292    0.029
gl585    3164.000   60.000    5.076    0.067   -0.250    0.080    0.187    0.011    0.152    0.015
gl615.2c 3454.000   63.000    4.784    0.059   -0.060    0.030    0.437    0.020    0.423    0.042
gl625    3475.000   60.000    4.897    0.054   -0.350    0.080    0.331    0.012    0.315    0.032
gl628    3272.000   60.000    4.883    0.054   -0.030    0.080    0.325    0.012    0.294    0.029
gl3976   3054.000   60.000    5.043    0.061   -0.120    0.080    0.194    0.010    0.151    0.015
gl642    3834.000   61.000    4.786    0.064   -0.480    0.080    0.475    0.026    0.503    0.050
gl643    3279.000   60.000    5.013    0.059   -0.260    0.080    0.233    0.011    0.204    0.020
gl644c   2700.000   60.000    5.256    0.059   -0.070    0.080    0.113    0.005    0.084    0.008
gl1207   3229.000   60.000    4.960    0.057   -0.090    0.080    0.262    0.011    0.228    0.023
gl649    3700.000   60.000    4.756    0.053    0.030    0.080    0.507    0.018    0.534    0.053
gl3991   3284.000   60.000    4.950    0.057    0.200    0.080    0.286    0.012    0.266    0.027
gl3992   3432.000   61.000    4.844    0.058    0.030    0.080    0.384    0.017    0.375    0.037
gl671    3433.000   61.000    4.835    0.056   -0.150    0.080    0.382    0.016    0.364    0.036
gl673    4124.000   60.000    4.663    0.051    0.190    0.080    0.649    0.020    0.706    0.071
gl678.1a 3675.000   60.000    4.708    0.053   -0.090    0.080    0.543    0.019    0.549    0.055
gl685    3846.000   61.000    4.740    0.053    0.100    0.080    0.541    0.019    0.587    0.059
gl687    3439.000   60.000    4.812    0.054    0.050    0.080    0.414    0.015    0.405    0.041
gl686    3657.000   60.000    4.829    0.053   -0.250    0.080    0.424    0.015    0.442    0.044
gl694    3464.000   61.000    4.785    0.055    0.000    0.080    0.440    0.017    0.430    0.043
gl699    3228.000   60.000    5.088    0.053   -0.400    0.080    0.186    0.007    0.155    0.015
gl4040   3470.000   60.000    4.845    0.059    0.040    0.080    0.396    0.018    0.400    0.040
gl701    3614.000   60.000    4.788    0.053   -0.220    0.080    0.459    0.016    0.471    0.047
gl709    3785.000   60.000    4.712    0.054   -0.070    0.080    0.557    0.021    0.583    0.058
gl4065   3223.000   61.000    4.903    0.059    0.040    0.080    0.291    0.013    0.247    0.025
gl1230a  3232.000   60.000    4.830    0.059    0.240    0.080    0.372    0.017    0.341    0.034
gl4070   3400.000   61.000    4.814    0.060   -0.160    0.080    0.394    0.019    0.369    0.037
gl725a   3441.000   60.000    4.871    0.054   -0.230    0.080    0.351    0.013    0.334    0.033
gl725b   3345.000   60.000    4.960    0.056   -0.300    0.080    0.273    0.011    0.248    0.025
gl729    3240.000   60.000    5.063    0.054   -0.180    0.080    0.201    0.008    0.170    0.017
gl740    3834.000   60.000    4.707    0.053    0.140    0.080    0.570    0.020    0.604    0.060
gl745a   3500.000   60.000    4.927    0.055   -0.330    0.080    0.310    0.012    0.296    0.030
gl745b   3494.000   62.000    4.901    0.057   -0.350    0.080    0.323    0.014    0.303    0.030
gl752a   3558.000   60.000    4.763    0.052    0.100    0.080    0.474    0.016    0.475    0.047
gl1236   3335.000   61.000    5.014    0.056   -0.290    0.080    0.234    0.009    0.206    0.021
gl1245b  2859.000   60.000    5.140    0.059   -0.050    0.080    0.143    0.007    0.103    0.010
gl777b   3144.000   60.000    5.046    0.060    0.060    0.080    0.208    0.010    0.176    0.018
gl783.2b 3217.000   61.000    4.965    0.070   -0.150    0.030    0.251    0.016    0.212    0.021
gl1253   3045.000   60.000    5.089    0.063    0.140    0.080    0.183    0.010    0.150    0.015
gl806    3542.000   61.000    4.781    0.056   -0.150    0.080    0.443    0.018    0.432    0.043
gl809    3791.000   60.000    4.755    0.052   -0.060    0.080    0.529    0.017    0.581    0.058
gl811.1  3473.000   61.000    4.775    0.069    0.160    0.080    0.456    0.028    0.452    0.045
gl820b   4021.000   74.000    4.686    0.055   -0.220    0.080    0.602    0.023    0.641    0.064
gl821    3545.000   60.000    4.856    0.058   -0.450    0.080    0.369    0.016    0.356    0.036
gl838.3b 3771.000   61.000    4.709    0.056   -0.070    0.080    0.557    0.023    0.579    0.058
gl846    3848.000   60.000    4.735    0.053    0.020    0.080    0.546    0.019    0.590    0.059
gl849    3530.000   60.000    4.777    0.055    0.370    0.080    0.470    0.018    0.482    0.048
gl4269   3226.000   63.000    4.907    0.057   -0.040    0.080    0.289    0.012    0.246    0.025
gl864    3916.000   61.000    4.691    0.057    0.070    0.080    0.600    0.026    0.644    0.064
gl875    3740.000   61.000    4.699    0.057    0.020    0.080    0.563    0.024    0.578    0.058
gl876    3247.000   60.000    4.834    0.055    0.170    0.080    0.363    0.014    0.328    0.033
gl880    3720.000   60.000    4.718    0.052    0.210    0.080    0.549    0.018    0.574    0.057
gl887    3688.000   86.000    4.792    0.059   -0.060    0.080    0.468    0.022    0.495    0.049
gl894.1  3910.000   60.000    4.707    0.067    0.130    0.080    0.589    0.035    0.644    0.064
gl4333   3324.000   60.000    4.792    0.060    0.240    0.080    0.416    0.020    0.391    0.039
gl895    3764.000   60.000    4.742    0.054    0.310    0.080    0.539    0.020    0.585    0.058
gl896a   3353.000   60.000    4.793    0.055    0.030    0.080    0.409    0.016    0.379    0.038
gl896b   3072.000   60.000    4.856    0.057    0.030    0.080    0.303    0.013    0.240    0.024
gl905    2930.000   60.000    5.045    0.058    0.230    0.080    0.189    0.008    0.145    0.015
gl1288   3113.000   60.000    5.070    0.059   -0.120    0.080    0.186    0.009    0.149    0.015
gl1289   3173.000   60.000    4.990    0.064    0.050    0.080    0.238    0.013    0.202    0.020
gl908    3646.000   60.000    4.830    0.053   -0.450    0.080    0.407    0.014    0.408    0.041
gl4367   3221.000   60.000    4.881    0.059    0.370    0.080    0.315    0.015    0.275    0.027
pm_j09553-2715 3346  60.000    4.900    0.061    0.01     0.080    0.321    0.016    0.299    0.030