marfil_2021_fixedlogg_alpha marfil_et_al_(2021)_VIS+NIR fixed logg and alpha correction
lp714-47                  3922.000   14.000    0.000    0.000    0.000    0.020
gl414a                    4195.000   15.000    0.000    0.000   -0.040    0.020
gl710                     4215.000    5.000    0.000    0.000   -0.220    0.030
gl154                     3941.000   12.000    0.000    0.000   -0.040    0.020
gl172                     4005.000    9.000    0.000    0.000   -0.280    0.030
gl181                     3981.000   15.000    0.000    0.000   -0.140    0.030
gl208                     4001.000    6.000    0.000    0.000   -0.150    0.020
gl239                     3820.000   11.000    0.000    0.000   -0.460    0.040
gl281                     3984.000   10.000    0.000    0.000   -0.110    0.030
gl338a                    4004.000    9.000    0.000    0.000   -0.230    0.030
gl338b                    3997.000   15.000    0.000    0.000   -0.220    0.030
gl373                     3943.000   21.000    0.000    0.000   -0.100    0.040
gl458a                    3889.000   13.000    0.000    0.000   -0.250    0.030
2massj13253177+6850106    4016.000   38.000    0.000    0.000    0.000    0.060
gl525                     3849.000   14.000    0.000    0.000   -0.540    0.040
gl548a                    3954.000   13.000    0.000    0.000   -0.020    0.030
gl617a                    4039.000   12.000    0.000    0.000   -0.010    0.030
gl9592                    3837.000    7.000    0.000    0.000   -0.260    0.030
gl763                     4165.000   13.000    0.000    0.000   -0.320    0.040
tyc4266-736-1             4001.000    6.000    0.000    0.000   -0.170    0.020
gl96                      3877.000   10.000    0.000    0.000   -0.130    0.030
gl169                     4130.000   21.000    0.000    0.000    0.060    0.030
hd42581a                  3813.000   11.000    0.000    0.000   -0.120    0.040
gl369                     3778.000   11.000    0.000    0.000   -0.250    0.030
tyc4384-1735-1            3925.000   15.000    0.000    0.000   -0.140    0.030
gl471                     3898.000   14.000    0.000    0.000   -0.230    0.030
gl514                     3773.000   16.000    0.000    0.000   -0.200    0.040
gl548b                    3873.000   12.000    0.000    0.000   -0.040    0.040
gl553                     4029.000   12.000    0.000    0.000    0.000    0.020
bd+611678c                3856.000   11.000    0.000    0.000   -0.150    0.030
gl720a                    3864.000    8.000    0.000    0.000   -0.190    0.020
gl740                     3858.000    7.000    0.000    0.000   -0.160    0.020
gl846                     3869.000   10.000    0.000    0.000   -0.200    0.030
gl875                     3904.000   11.000    0.000    0.000   -0.230    0.020
gl2                       3770.000   17.000    0.000    0.000   -0.150    0.030
gl15a                     3603.000   23.000    0.000    0.000   -0.490    0.100
gl119a                    3830.000   10.000    0.000    0.000   -0.050    0.020
gl212                     3829.000   14.000    0.000    0.000   -0.130    0.040
gl282c                    3841.000    9.000    0.000    0.000   -0.200    0.030
gl378                     3744.000   13.000    0.000    0.000   -0.180    0.020
gl390                     3763.000   15.000    0.000    0.000   -0.080    0.020
gl412a                    3715.000   15.000    0.000    0.000   -0.360    0.040
gl508.2                   3732.000   11.000    0.000    0.000   -0.190    0.030
gl536                     3726.000   13.000    0.000    0.000   -0.210    0.030
gl540                     3805.000   12.000    0.000    0.000   -0.060    0.030
gl606                     3731.000   17.000    0.000    0.000   -0.170    0.040
gl649                     3785.000   14.000    0.000    0.000   -0.130    0.040
gl686                     3710.000   15.000    0.000    0.000   -0.330    0.050
gl701                     3709.000   15.000    0.000    0.000   -0.280    0.040
gl724                     3801.000   12.000    0.000    0.000   -0.080    0.040
gl803                     3799.000   13.000    0.000    0.000   -0.110    0.030
gl809                     3814.000   15.000    0.000    0.000   -0.160    0.040
gsc02187-00512            3776.000   14.000    0.000    0.000   -0.240    0.050
gl863                     3721.000   14.000    0.000    0.000   -0.280    0.040
gl4306                    3813.000    9.000    0.000    0.000   -0.110    0.030
gl895                     3810.000   12.000    0.000    0.000   -0.080    0.040
gl908                     3562.000   21.000    0.000    0.000   -0.580    0.060
gl49                      3782.000   18.000    0.000    0.000   -0.040    0.040
gl87                      3571.000   14.000    0.000    0.000   -0.520    0.040
gl134                     3825.000   14.000    0.000    0.000    0.000    0.030
gl173                     3682.000   17.000    0.000    0.000   -0.170    0.040
gl205                     3833.000   17.000    0.000    0.000    0.020    0.040
gl3543                    3700.000   13.000    0.000    0.000   -0.120    0.040
gl361                     3688.000   20.000    0.000    0.000   -0.130    0.040
gl366                     3601.000   14.000    0.000    0.000   -0.380    0.050
gl382                     3714.000   21.000    0.000    0.000   -0.070    0.030
gl411                     3537.000   26.000    0.000    0.000   -0.520    0.060
gl3649                    3759.000   15.000    0.000    0.000   -0.080    0.020
gl450                     3703.000   18.000    0.000    0.000   -0.230    0.050
gl507.1                   3799.000   11.000    0.000    0.000   -0.010    0.030
gl526                     3591.000   17.000    0.000    0.000   -0.470    0.050
gl9520                    3697.000    9.000    0.000    0.000   -0.230    0.030
gl625                     3573.000   20.000    0.000    0.000   -0.460    0.060
gl654                     3583.000   13.000    0.000    0.000   -0.410    0.050
gl806                     3603.000   18.000    0.000    0.000   -0.330    0.060
gl4258                    3715.000   19.000    0.000    0.000   -0.210    0.040
gl880                     3799.000   19.000    0.000    0.000   -0.040    0.040
2massj00402129+6112490    3715.000   10.000    0.000    0.000   -0.110    0.030
gl47                      3545.000   10.000    0.000    0.000   -0.160    0.040
gl70                      3539.000   13.000    0.000    0.000   -0.150    0.040
gl104                     3696.000   16.000    0.000    0.000   -0.080    0.030
pmj02489-1432w            3674.000   20.000    0.000    0.000   -0.080    0.040
gl133                     3580.000   13.000    0.000    0.000   -0.280    0.050
gl3218                    3683.000   18.000    0.000    0.000   -0.120    0.040
pmj04343+4302             3533.000   22.000    0.000    0.000   -0.120    0.060
gl176                     3667.000   16.000    0.000    0.000   -0.110    0.030
gl180                     3569.000   16.000    0.000    0.000   -0.420    0.060
gl192                     3697.000   14.000    0.000    0.000   -0.150    0.030
gl226                     3547.000   13.000    0.000    0.000   -0.160    0.050
gl3452                    3572.000   13.000    0.000    0.000   -0.280    0.050
gl2066                    3564.000   14.000    0.000    0.000   -0.200    0.060
gl360                     3556.000   18.000    0.000    0.000   -0.200    0.060
gl393                     3578.000   17.000    0.000    0.000   -0.260    0.060
gl410                     3833.000    8.000    0.000    0.000   -0.270    0.030
gl414b                    3730.000   22.000    0.000    0.000   -0.080    0.040
lp733-099                 3697.000    9.000    0.000    0.000   -0.240    0.040
gl465                     3414.000   17.000    0.000    0.000   -0.630    0.050
pmj13119+6550             3672.000   35.000    0.000    0.000   -0.240    0.090
gl552                     3687.000   14.000    0.000    0.000   -0.110    0.030
gl3871                    3689.000   15.000    0.000    0.000   -0.020    0.030
gl3916                    3459.000   21.000    0.000    0.000   -0.570    0.060
gl2128                    3573.000   16.000    0.000    0.000   -0.250    0.070
tyc3529-1437-1            3633.000   41.000    0.000    0.000   -0.310    0.120
gl745a                    3538.000   20.000    0.000    0.000   -0.520    0.060
gl745b                    3548.000   19.000    0.000    0.000   -0.520    0.050
gl851                     3696.000   20.000    0.000    0.000   -0.020    0.030
gl4352                    3557.000   21.000    0.000    0.000   -0.430    0.060
gl26                      3563.000   15.000    0.000    0.000   -0.190    0.060
gl3117                    3611.000   20.000    0.000    0.000   -0.080    0.050
pmj02489-1432e            3549.000   24.000    0.000    0.000   -0.060    0.030
gl9183                    3440.000   29.000    0.000    0.000   -0.100    0.050
2massj08292191+0355092    3658.000   13.000    0.000    0.000   -0.120    0.040
gl3506                    3480.000   20.000    0.000    0.000   -0.100    0.040
g234-057                  3653.000   23.000    0.000    0.000   -0.230    0.060
gl357                     3485.000   19.000    0.000    0.000   -0.270    0.040
gl399                     3581.000   17.000    0.000    0.000   -0.130    0.030
gl408                     3521.000   20.000    0.000    0.000   -0.110    0.040
k2-18                     3565.000   23.000    0.000    0.000   -0.120    0.050
gl436                     3507.000   22.000    0.000    0.000   -0.150    0.080
gl476                     3536.000   18.000    0.000    0.000   -0.210    0.050
gl549b                    3550.000   12.000    0.000    0.000   -0.170    0.040
gl3972                    3547.000   15.000    0.000    0.000   -0.130    0.040
gl671                     3540.000   16.000    0.000    0.000   -0.190    0.060
gl4040                    3509.000   18.000    0.000    0.000   -0.060    0.050
gl4077                    3544.000   15.000    0.000    0.000   -0.150    0.050
gl752a                    3597.000   28.000    0.000    0.000   -0.150    0.060
gl793                     3525.000   13.000    0.000    0.000   -0.090    0.040
gl811.1                   3547.000   16.000    0.000    0.000   -0.140    0.040
gl816                     3554.000   18.000    0.000    0.000   -0.140    0.040
gl899                     3548.000   15.000    0.000    0.000   -0.200    0.040
gl912                     3643.000   23.000    0.000    0.000   -0.020    0.050
g172-030                  3491.000   21.000    0.000    0.000   -0.110    0.060
gl48                      3516.000   21.000    0.000    0.000   -0.080    0.060
lspmj0106+1913            3495.000   22.000    0.000    0.000   -0.050    0.050
gl3126                    3549.000   22.000    0.000    0.000   -0.100    0.050
gl109                     3512.000   20.000    0.000    0.000   -0.110    0.060
g080-021                  3437.000   76.000    0.000    0.000   -0.180    0.180
ross567                   3506.000   22.000    0.000    0.000   -0.180    0.090
lp776-049                 3475.000   26.000    0.000    0.000   -0.100    0.060
gl251                     3497.000   33.000    0.000    0.000   -0.100    0.090
gl258                     3527.000   19.000    0.000    0.000   -0.110    0.060
gl1097                    3519.000   18.000    0.000    0.000   -0.150    0.060
lp763-001                 3490.000   21.000    0.000    0.000   -0.080    0.060
lp427-016                 3553.000   17.000    0.000    0.000   -0.160    0.040
gl362                     3503.000   20.000    0.000    0.000   -0.040    0.050
gl386                     3539.000   15.000    0.000    0.000   -0.110    0.040
gl388                     3449.000   54.000    0.000    0.000   -0.410    0.240
lp670-017                 3514.000   20.000    0.000    0.000   -0.100    0.060
lspmj1104+3027            3513.000   91.000    0.000    0.000   -0.520    0.120
gl443                     3597.000   16.000    0.000    0.000   -0.010    0.030
gl3708                    3522.000   16.000    0.000    0.000   -0.120    0.050
gl463                     3562.000   28.000    0.000    0.000   -0.180    0.070
gl480                     3521.000   21.000    0.000    0.000   -0.030    0.040
gl512a                    3535.000   16.000    0.000    0.000   -0.080    0.040
gl3817                    3461.000   29.000    0.000    0.000   -0.040    0.060
gl3836                    3515.000   13.000    0.000    0.000   -0.080    0.040
gl3885                    3503.000   18.000    0.000    0.000   -0.060    0.040
gl3892                    3544.000   16.000    0.000    0.000   -0.120    0.040
gl581                     3495.000   26.000    0.000    0.000   -0.110    0.080
g137-084                  3525.000   11.000    0.000    0.000   -0.080    0.030
k2-33                     3552.000   46.000    0.000    0.000    0.000    0.060
gl617b                    3532.000   32.000    0.000    0.000   -0.040    0.050
gl1203                    3492.000   18.000    0.000    0.000   -0.180    0.060
gl655                     3545.000   16.000    0.000    0.000   -0.140    0.050
gl687                     3385.000   79.000    0.000    0.000   -0.080    0.120
gl4048                    3430.000   47.000    0.000    0.000   -0.420    0.190
gl4070                    3521.000   16.000    0.000    0.000   -0.150    0.060
gl725a                    3466.000   31.000    0.000    0.000   -0.300    0.130
gl4098                    3503.000   21.000    0.000    0.000   -0.110    0.060
gl4109                    3476.000   26.000    0.000    0.000   -0.060    0.050
lp397-041                 3682.000   18.000    0.000    0.000    0.080    0.030
lspmj2116+0234            3533.000   21.000    0.000    0.000   -0.110    0.060
gl4205                    3528.000   19.000    0.000    0.000   -0.150    0.050
gl9773                    3534.000   23.000    0.000    0.000   -0.180    0.070
gl9799                    3407.000   20.000    0.000    0.000   -0.230    0.130
gl4383                    3496.000   19.000    0.000    0.000   -0.100    0.040
gl15b                     3302.000   61.000    0.000    0.000   -0.380    0.250
gl83.1                    3210.000   27.000    0.000    0.000   -0.350    0.280
g173-037                  3471.000   22.000    0.000    0.000   -0.060    0.030
gl3136                    3270.000   37.000    0.000    0.000   -0.080    0.180
lspmj0422+1031            3536.000   24.000    0.000    0.000   -0.040    0.040
2massj04425586+2128230    3495.000   20.000    0.000    0.000    0.000    0.030
gl179                     3447.000   30.000    0.000    0.000   -0.060    0.060
gl203                     3438.000   23.000    0.000    0.000   -0.150    0.080
gl3356                    3463.000   28.000    0.000    0.000   -0.070    0.070
gl3378                    3389.000   40.000    0.000    0.000   -0.060    0.090
gl3404                    3485.000   26.000    0.000    0.000   -0.090    0.070
gl273                     3382.000   45.000    0.000    0.000   -0.120    0.110
gl277b                    3248.000   19.000    0.000    0.000   -0.630    0.050
gl1105                    3438.000   26.000    0.000    0.000   -0.150    0.100
lspmj0840+3127            3428.000   23.000    0.000    0.000   -0.090    0.070
gl317                     3489.000   35.000    0.000    0.000   -0.020    0.050
gl1125                    3460.000   26.000    0.000    0.000   -0.070    0.070
gl363                     3439.000   29.000    0.000    0.000   -0.040    0.060
gl3564                    3494.000   21.000    0.000    0.000   -0.040    0.040
lp092-048                 3461.000   24.000    0.000    0.000   -0.080    0.060
gl398                     3323.000   55.000    0.000    0.000   -0.530    0.240
gl3666                    3383.000   32.000    0.000    0.000   -0.210    0.100
lp672-042                 3469.000   29.000    0.000    0.000   -0.020    0.030
gl445                     3353.000   40.000    0.000    0.000   -0.360    0.140
gl3707                    3391.000   31.000    0.000    0.000   -0.060    0.100
gl486                     3413.000   33.000    0.000    0.000   -0.150    0.120
gl513                     3458.000   23.000    0.000    0.000   -0.110    0.050
gl3801                    3427.000   33.000    0.000    0.000   -0.100    0.070
gl3804                    3435.000   29.000    0.000    0.000   -0.090    0.090
gl553.1                   3448.000   30.000    0.000    0.000   -0.130    0.080
gl3873                    3432.000   29.000    0.000    0.000   -0.050    0.070
gl3929                    3472.000   29.000    0.000    0.000   -0.100    0.080
gl628                     3426.000   36.000    0.000    0.000   -0.140    0.110
gl643                     3413.000   25.000    0.000    0.000   -0.180    0.100
gl1207                    3204.000    8.000    0.000    0.000   -0.640    0.040
gl3992                    3475.000   32.000    0.000    0.000   -0.070    0.070
gl699                     3240.000   27.000    0.000    0.000   -0.590    0.090
gl4062                    3489.000   24.000    0.000    0.000   -0.040    0.040
gl4063                    3458.000   47.000    0.000    0.000    0.020    0.060
gl725b                    3440.000   49.000    0.000    0.000   -0.260    0.200
gl729                     3268.000   17.000    0.000    0.000   -0.660    0.030
gl843                     3471.000   24.000    0.000    0.000   -0.090    0.080
gl849                     3531.000   32.000    0.000    0.000   -0.020    0.050
gl873                     3342.000   49.000    0.000    0.000   -0.550    0.190
nltt56083                 3472.000   42.000    0.000    0.000   -0.050    0.100
gl1006b                   3327.000   25.000    0.000    0.000   -0.120    0.070
gl1012                    3412.000   35.000    0.000    0.000   -0.140    0.100
lp768-113                 3424.000   19.000    0.000    0.000   -0.030    0.030
barta16112                3033.000    7.000    0.000    0.000   -0.070    0.090
gl102                     3335.000   22.000    0.000    0.000   -0.030    0.050
gl105b                    3338.000   40.000    0.000    0.000   -0.230    0.110
rbs365                    3176.000   33.000    0.000    0.000   -0.090    0.160
stn2051a                  3365.000   35.000    0.000    0.000   -0.160    0.100
1rxsj050156.7+010845      3207.000   80.000    0.000    0.000   -0.200    0.250
gl3323                    3296.000   26.000    0.000    0.000   -0.040    0.040
rxj0506.2+0439            3116.000   38.000    0.000    0.000    0.100    0.160
gl3357                    3384.000   19.000    0.000    0.000   -0.200    0.080
2massj05363846+1117487    3411.000   18.000    0.000    0.000   -0.020    0.030
gl213                     3295.000   35.000    0.000    0.000   -0.300    0.100
gl3379                    3323.000   17.000    0.000    0.000   -0.020    0.030
gl232                     3253.000   21.000    0.000    0.000   -0.430    0.090
lp780-032                 3438.000   27.000    0.000    0.000   -0.040    0.060
2massj06572616+7405265    3133.000   11.000    0.000    0.000    0.000    0.010
gl3423                    3386.000   30.000    0.000    0.000   -0.010    0.030
2massj07471385+5020386    3255.000   50.000    0.000    0.000   -0.130    0.250
g050-016a                 3416.000   27.000    0.000    0.000   -0.160    0.080
gl300                     3334.000   32.000    0.000    0.000   -0.150    0.100
lp035-219                 3358.000   25.000    0.000    0.000   -0.210    0.100
gl3526                    3317.000   34.000    0.000    0.000   -0.310    0.110
rxj0916.1+0153            3251.000   51.000    0.000    0.000   -0.050    0.280
gl1129                    3390.000   36.000    0.000    0.000   -0.090    0.110
lp729-054                 3433.000   29.000    0.000    0.000   -0.140    0.100
gl3626                    3435.000   33.000    0.000    0.000   -0.020    0.060
gl402                     3372.000   40.000    0.000    0.000   -0.170    0.130
gl1148                    3380.000   41.000    0.000    0.000   -0.110    0.110
lp613-049a                3229.000   13.000    0.000    0.000   -0.670    0.020
gl447                     3306.000   41.000    0.000    0.000   -0.120    0.140
gl3704                    3332.000   34.000    0.000    0.000   -0.060    0.090
stkm2-809                 3384.000   39.000    0.000    0.000   -0.120    0.140
lp795-038                 3434.000   34.000    0.000    0.000    0.030    0.050
g123-055                  3250.000   14.000    0.000    0.000   -0.040    0.070
gl3779                    3331.000   37.000    0.000    0.000   -0.240    0.100
rxj1353.6+7737            3192.000   80.000    0.000    0.000    0.000    0.250
gl3820                    3292.000   16.000    0.000    0.000   -0.020    0.030
gl555                     3330.000   35.000    0.000    0.000   -0.150    0.130
gl592                     3400.000   36.000    0.000    0.000   -0.060    0.100
gl609                     3346.000   39.000    0.000    0.000   -0.120    0.110
gl1222                    3289.000   31.000    0.000    0.000   -0.260    0.120
gl4044                    3268.000   53.000    0.000    0.000   -0.370    0.130
gl712                     3388.000   25.000    0.000    0.000   -0.360    0.090
gl1227                    3278.000   37.000    0.000    0.000   -0.180    0.180
gl4065                    3398.000   37.000    0.000    0.000   -0.020    0.030
toi-1670                  3447.000   98.000    0.000    0.000   -0.030    0.140
gl1243                    3213.000   34.000    0.000    0.000    0.100    0.140
gl1254                    3401.000   32.000    0.000    0.000   -0.020    0.090
lp816-060                 3374.000   41.000    0.000    0.000   -0.040    0.080
lspmj2146+3813            3265.000   27.000    0.000    0.000   -0.470    0.100
gl1263                    3381.000   28.000    0.000    0.000   -0.130    0.100
g264-012                  3396.000   38.000    0.000    0.000   -0.130    0.130
gl4247                    3195.000   29.000    0.000    0.000    0.000    0.100
gl4276                    3446.000   41.000    0.000    0.000   -0.020    0.060
gl1270                    3314.000   25.000    0.000    0.000   -0.200    0.110
gl876a                    3409.000   40.000    0.000    0.000   -0.110    0.120
gl4333                    3399.000   39.000    0.000    0.000   -0.010    0.080
gl1289                    3295.000   26.000    0.000    0.000   -0.030    0.060
gl4367                    3366.000   37.000    0.000    0.000   -0.060    0.090
rxj2354.8+3831            3265.000   19.000    0.000    0.000   -0.620    0.070
gl54.1                    3225.000   43.000    0.000    0.000   -0.440    0.220
gl166c                    3180.000   69.000    0.000    0.000   -0.280    0.180
gl285                     3248.000   36.000    0.000    0.000   -0.430    0.170
gl1101                    3253.000   50.000    0.000    0.000   -0.150    0.190
gl299                     3225.000   16.000    0.000    0.000   -0.550    0.070
gl324b                    3308.000   39.000    0.000    0.000   -0.160    0.120
gl1119                    3286.000   32.000    0.000    0.000   -0.070    0.120
gl1134                    3272.000   31.000    0.000    0.000   -0.250    0.140
gl1151                    3277.000   41.000    0.000    0.000   -0.170    0.150
gl493.1                   3140.000   39.000    0.000    0.000   -0.040    0.170
gl3988                    3249.000   33.000    0.000    0.000   -0.200    0.180
gl1224                    3192.000   19.000    0.000    0.000   -0.540    0.060
gl4053                    3146.000   44.000    0.000    0.000   -0.450    0.190
gl1232                    3281.000   53.000    0.000    0.000   -0.110    0.190
gl1235                    3279.000   35.000    0.000    0.000   -0.180    0.120
gl1256                    3281.000   37.000    0.000    0.000   -0.110    0.150
gl1265                    3262.000   41.000    0.000    0.000   -0.270    0.140
gl4274                    3231.000   19.000    0.000    0.000   -0.090    0.100
gl3069                    3072.000   15.000    0.000    0.000   -0.230    0.040
gl51                      3045.000   58.000    0.000    0.000   -0.250    0.130
gl1028                    3200.000   33.000    0.000    0.000   -0.150    0.170
gl1057                    3208.000   39.000    0.000    0.000   -0.140    0.150
rxj0447.2+2038            3075.000   12.000    0.000    0.000   -0.400    0.040
2massj05082729-2101444    3244.000   19.000    0.000    0.000   -0.360    0.060
gl3380                    3201.000   32.000    0.000    0.000   -0.130    0.140
gl3396                    3026.000   12.000    0.000    0.000   -0.080    0.050
gl1093                    3158.000   33.000    0.000    0.000   -0.060    0.220
g161-071                  3032.000   13.000    0.000    0.000   -0.150    0.060
lp731-076                 3200.000   39.000    0.000    0.000   -0.380    0.150
1rxsj114728.8+664405      3211.000   37.000    0.000    0.000   -0.500    0.200
gl1156                    3079.000   28.000    0.000    0.000   -0.270    0.190
g177-025                  3226.000   35.000    0.000    0.000   -0.230    0.180
rxj1417.3+4525            3150.000   28.000    0.000    0.000   -0.060    0.070
lp022-420                 3066.000   17.000    0.000    0.000   -0.130    0.140
gl3959                    3298.000   49.000    0.000    0.000   -0.500    0.120
lp071-082                 3198.000   37.000    0.000    0.000   -0.470    0.120
gl1223                    3186.000   27.000    0.000    0.000   -0.150    0.210
g140-051                  3258.000   38.000    0.000    0.000   -0.150    0.220
g141-036                  3169.000   32.000    0.000    0.000   -0.080    0.140
2massj19421282-2045477    3341.000   41.000    0.000    0.000   -0.530    0.090
2massj20091824-0113377    3388.000   79.000    0.000    0.000   -0.550    0.130
gl1253                    3216.000   47.000    0.000    0.000   -0.100    0.230
gl810b                    3205.000   21.000    0.000    0.000   -0.310    0.080
gl905                     3175.000   36.000    0.000    0.000    0.010    0.160
gl1002                    3137.000   36.000    0.000    0.000   -0.250    0.180
gl3512                    3124.000   35.000    0.000    0.000   -0.080    0.150
gl412b                    3167.000   56.000    0.000    0.000   -0.430    0.210
nltt40406                 3085.000   13.000    0.000    0.000   -0.260    0.080
1rxsj173353.5+165515      3017.000   10.000    0.000    0.000   -0.050    0.050
1rxsj221124.3+410000      3145.000   27.000    0.000    0.000   -0.070    0.140
gl1286                    3149.000   40.000    0.000    0.000   -0.150    0.180
gl283b                    3050.000   22.000    0.000    0.000    0.200    0.110
gl406                     3060.000   18.000    0.000    0.000   -0.090    0.180
lp560-035                 3187.000   77.000    0.000    0.000   -0.110    0.250
gl1111                    3054.000   30.000    0.000    0.000   -0.100    0.160
lp368-128                 3088.000   36.000    0.000    0.000   -0.060    0.150
gl3622                    3032.000   19.000    0.000    0.000   -0.120    0.160
teegarden'sstar           3031.000   34.000    0.000    0.000    0.010    0.250
nltt20861                 3001.000   18.000    0.000    0.000   -0.140    0.100
gl644c                    2989.000   20.000    0.000    0.000    0.000    0.110
lsrj0539+4038                0.000    0.000    0.000    0.000    0.000    0.000
gl752b                       0.000    0.000    0.000    0.000    0.000    0.000
lspmj1925+0938               0.000    0.000    0.000    0.000    0.000    0.000
2mucd12171                   0.000    0.000    0.000    0.000    0.000    0.000
lsrj0419+4233                0.000    0.000    0.000    0.000    0.000    0.000
lsrj1835+3259                0.000    0.000    0.000    0.000    0.000    0.000
gl3517                       0.000    0.000    0.000    0.000    0.000    0.000
