marfil_2021_freelogg marfil_et_al_(2021)_VIS+NIR free logg and NO alpha correction
lp714-47                  3961.000   13.000    5.010    0.090    0.150    0.040
gl414a                    4211.000   13.000    4.980    0.070    0.040    0.030
gl710                     4155.000   14.000    5.010    0.060   -0.210    0.040
gl154                     3949.000   12.000    4.830    0.090    0.010    0.040
gl172                     4039.000   20.000    4.940    0.070   -0.210    0.050
gl181                     3983.000   13.000    5.070    0.080    0.020    0.030
gl208                     4067.000   14.000    5.040    0.070    0.010    0.030
gl239                     3803.000   10.000    5.200    0.070   -0.630    0.040
gl281                     3980.000   11.000    5.030    0.060    0.010    0.030
gl338a                    4015.000   16.000    4.910    0.080   -0.190    0.050
gl338b                    3983.000   12.000    5.170    0.070   -0.060    0.040
gl373                     3938.000   13.000    5.030    0.080   -0.030    0.040
gl458a                    3902.000   11.000    4.990    0.120   -0.140    0.070
2massj13253177+6850106    4049.000   41.000    4.960    0.130    0.100    0.040
gl525                     3829.000   10.000    4.990    0.060   -0.790    0.030
gl548a                    3985.000   13.000    4.890    0.080    0.070    0.040
gl617a                    4034.000   17.000    4.780    0.090    0.000    0.040
gl9592                    3821.000    9.000    4.930    0.100   -0.350    0.060
gl763                     4093.000   24.000    4.920    0.070   -0.340    0.050
tyc4266-736-1             4029.000   13.000    4.980    0.040   -0.030    0.030
gl96                      3894.000   11.000    4.990    0.090   -0.010    0.040
gl169                     4123.000   20.000    4.480    0.150    0.050    0.060
hd42581a                  3801.000   13.000    4.980    0.090   -0.050    0.050
gl369                     3769.000   13.000    4.840    0.070   -0.340    0.030
tyc4384-1735-1            3952.000   15.000    4.940    0.080   -0.030    0.040
gl471                     3896.000   11.000    5.070    0.110   -0.150    0.050
gl514                     3765.000   18.000    4.950    0.100   -0.190    0.050
gl548b                    3933.000   12.000    4.710    0.110    0.090    0.040
gl553                     4037.000   13.000    4.820    0.070    0.010    0.030
bd+611678c                3847.000   13.000    5.020    0.110   -0.060    0.060
gl720a                    3876.000   11.000    4.820    0.090   -0.080    0.080
gl740                     3857.000   10.000    4.730    0.090   -0.220    0.050
gl846                     3882.000   12.000    4.970    0.070   -0.020    0.040
gl875                     3900.000   10.000    5.010    0.090   -0.130    0.040
gl2                       3773.000   16.000    5.070    0.080   -0.070    0.050
gl15a                     3603.000   24.000    4.990    0.140   -0.750    0.110
gl119a                    3832.000   10.000    4.650    0.120   -0.070    0.040
gl212                     3825.000   14.000    4.940    0.100   -0.040    0.060
gl282c                    3825.000   12.000    5.060    0.080   -0.070    0.050
gl378                     3739.000   15.000    4.760    0.080   -0.210    0.040
gl390                     3759.000   14.000    4.910    0.070   -0.020    0.040
gl412a                    3628.000   19.000    5.010    0.130   -0.820    0.090
gl508.2                   3720.000   13.000    4.760    0.090   -0.220    0.040
gl536                     3719.000   15.000    4.890    0.090   -0.240    0.040
gl540                     3803.000   12.000    4.800    0.090   -0.040    0.050
gl606                     3707.000   14.000    5.050    0.070   -0.040    0.040
gl649                     3782.000   17.000    4.870    0.090   -0.090    0.050
gl686                     3663.000   19.000    5.030    0.120   -0.580    0.070
gl701                     3706.000   13.000    5.140    0.100   -0.300    0.060
gl724                     3799.000   12.000    4.880    0.080   -0.040    0.050
gl803                     3768.000   20.000    4.650    0.180    0.010    0.060
gl809                     3815.000   16.000    4.830    0.140   -0.160    0.080
gsc02187-00512            3761.000   17.000    5.000    0.100   -0.270    0.050
gl863                     3722.000   16.000    4.980    0.110   -0.300    0.050
gl4306                    3814.000   12.000    4.900    0.080    0.020    0.030
gl895                     3811.000   13.000    4.720    0.100   -0.030    0.060
gl908                     3573.000   23.000    4.940    0.130   -0.800    0.080
gl49                      3791.000   19.000    4.760    0.110    0.050    0.060
gl87                      3575.000   14.000    4.860    0.090   -0.720    0.060
gl134                     3826.000   15.000    4.610    0.140   -0.020    0.050
gl173                     3666.000   16.000    5.080    0.120   -0.080    0.060
gl205                     3850.000   27.000    4.710    0.180    0.050    0.080
gl3543                    3697.000   14.000    5.110    0.160   -0.060    0.060
gl361                     3699.000   15.000    5.010    0.100   -0.030    0.040
gl366                     3616.000   17.000    4.930    0.100   -0.470    0.040
gl382                     3720.000   20.000    4.980    0.100    0.000    0.050
gl411                     3557.000   26.000    4.950    0.140   -0.720    0.100
gl3649                    3752.000   14.000    4.880    0.070   -0.020    0.030
gl450                     3692.000   21.000    4.910    0.150   -0.380    0.080
gl507.1                   3799.000   11.000    4.670    0.110   -0.020    0.040
gl526                     3620.000   24.000    4.930    0.120   -0.490    0.070
gl9520                    3611.000   16.000    4.810    0.110   -0.240    0.090
gl625                     3595.000   19.000    5.090    0.130   -0.420    0.070
gl654                     3587.000   14.000    4.890    0.100   -0.570    0.070
gl806                     3600.000   16.000    4.980    0.120   -0.420    0.070
gl4258                    3707.000   17.000    4.860    0.110   -0.300    0.060
gl880                     3798.000   21.000    4.800    0.120    0.030    0.060
2massj00402129+6112490    3709.000   11.000    5.010    0.090   -0.020    0.030
gl47                      3564.000   19.000    5.050    0.080   -0.240    0.070
gl70                      3547.000   20.000    5.100    0.170   -0.150    0.070
gl104                     3703.000   15.000    4.860    0.090   -0.040    0.040
pmj02489-1432w            3655.000   25.000    4.980    0.100    0.040    0.050
gl133                     3599.000   14.000    5.120    0.100   -0.320    0.070
gl3218                    3661.000   17.000    5.160    0.080    0.010    0.040
pmj04343+4302             3525.000   25.000    4.860    0.110   -0.140    0.090
gl176                     3678.000   16.000    5.130    0.080   -0.010    0.030
gl180                     3582.000   17.000    5.040    0.110   -0.470    0.080
gl192                     3599.000   13.000    4.910    0.110   -0.480    0.070
gl226                     3554.000   20.000    4.950    0.130   -0.240    0.070
gl3452                    3564.000   17.000    5.030    0.110   -0.420    0.070
gl2066                    3570.000   18.000    4.980    0.140   -0.250    0.070
gl360                     3547.000   23.000    5.020    0.120    0.000    0.030
gl393                     3588.000   24.000    5.150    0.150   -0.220    0.080
gl410                     3846.000   84.000    4.720    0.230   -0.300    0.140
gl414b                    3730.000   20.000    4.780    0.130   -0.090    0.070
lp733-099                 3697.000    9.000    4.660    0.070   -0.390    0.060
gl465                     3432.000   30.000    5.090    0.100   -0.880    0.090
pmj13119+6550             3686.000   16.000    4.830    0.070   -0.430    0.050
gl552                     3660.000   17.000    4.750    0.090   -0.240    0.060
gl3871                    3703.000   21.000    4.880    0.130    0.040    0.070
gl3916                    3481.000   29.000    5.000    0.140   -0.700    0.110
gl2128                    3567.000   19.000    4.890    0.110   -0.380    0.090
tyc3529-1437-1            3605.000   29.000    4.870    0.170   -0.470    0.110
gl745a                    3543.000   21.000    5.030    0.120   -0.680    0.070
gl745b                    3558.000   19.000    5.060    0.100   -0.670    0.060
gl851                     3704.000   20.000    4.770    0.120   -0.010    0.060
gl4352                    3570.000   22.000    5.070    0.120   -0.510    0.080
gl26                      3551.000   17.000    4.900    0.110   -0.240    0.070
gl3117                    3625.000   21.000    5.040    0.100   -0.030    0.050
pmj02489-1432e            3572.000   27.000    4.940    0.120    0.000    0.040
gl9183                    3428.000   32.000    4.980    0.100   -0.100    0.070
2massj08292191+0355092    3651.000   17.000    4.970    0.130   -0.060    0.060
gl3506                    3496.000   16.000    5.110    0.100   -0.070    0.050
g234-057                  3662.000   26.000    4.670    0.120   -0.380    0.090
gl357                     3496.000   20.000    4.950    0.110   -0.350    0.070
gl399                     3592.000   19.000    4.890    0.110   -0.140    0.070
gl408                     3532.000   21.000    5.040    0.140   -0.120    0.070
k2-18                     3563.000   25.000    4.930    0.100   -0.130    0.100
gl436                     3533.000   26.000    4.830    0.110   -0.190    0.100
gl476                     3556.000   16.000    4.820    0.070   -0.280    0.070
gl549b                    3551.000   22.000    4.900    0.100   -0.210    0.060
gl3972                    3560.000   21.000    4.900    0.100   -0.150    0.070
gl671                     3540.000   20.000    4.960    0.120   -0.300    0.070
gl4040                    3507.000   23.000    4.930    0.090   -0.040    0.060
gl4077                    3540.000   29.000    4.920    0.110   -0.200    0.060
gl752a                    3575.000   25.000    4.880    0.120   -0.140    0.080
gl793                     3514.000   23.000    5.060    0.110   -0.060    0.060
gl811.1                   3560.000   27.000    4.910    0.090   -0.070    0.060
gl816                     3568.000   20.000    4.950    0.100   -0.070    0.060
gl899                     3530.000   21.000    4.910    0.090   -0.380    0.080
gl912                     3639.000   30.000    4.840    0.140   -0.040    0.080
g172-030                  3488.000   22.000    5.040    0.100   -0.040    0.050
gl48                      3524.000   26.000    4.860    0.100   -0.080    0.070
lspmj0106+1913            3496.000   25.000    5.000    0.110   -0.080    0.070
gl3126                    3579.000   23.000    4.870    0.110   -0.140    0.080
gl109                     3510.000   21.000    4.970    0.110   -0.140    0.080
g080-021                  3473.000   72.000    4.850    0.180   -0.260    0.150
ross567                   3501.000   23.000    5.040    0.110   -0.280    0.100
lp776-049                 3464.000   27.000    5.080    0.100   -0.200    0.090
gl251                     3503.000   37.000    4.880    0.120   -0.200    0.120
gl258                     3527.000   21.000    4.820    0.090   -0.160    0.080
gl1097                    3511.000   21.000    4.820    0.080   -0.200    0.070
lp763-001                 3488.000   24.000    4.950    0.090   -0.160    0.070
lp427-016                 3561.000   19.000    5.040    0.110   -0.040    0.050
gl362                     3504.000   30.000    5.060    0.120    0.020    0.050
gl386                     3552.000   20.000    4.840    0.090   -0.100    0.060
gl388                     3477.000   23.000    5.120    0.120   -0.280    0.120
lp670-017                 3512.000   20.000    4.850    0.080   -0.150    0.080
lspmj1104+3027            3534.000   97.000    4.840    0.210   -0.720    0.170
gl443                     3565.000   20.000    4.770    0.110   -0.010    0.050
gl3708                    3517.000   18.000    4.920    0.090   -0.190    0.060
gl463                     3563.000   28.000    4.800    0.130   -0.240    0.100
gl480                     3525.000   26.000    4.850    0.090   -0.010    0.060
gl512a                    3554.000   28.000    4.860    0.130   -0.120    0.090
gl3817                    3442.000   27.000    5.130    0.130   -0.140    0.090
gl3836                    3516.000   16.000    4.850    0.060   -0.070    0.050
gl3885                    3502.000   22.000    4.980    0.090   -0.050    0.050
gl3892                    3545.000   17.000    4.860    0.090   -0.140    0.070
gl581                     3500.000   26.000    4.970    0.110   -0.140    0.070
g137-084                  3517.000   18.000    5.060    0.100   -0.030    0.040
k2-33                     3575.000   55.000    4.480    0.190   -0.040    0.070
gl617b                    3569.000   32.000    4.970    0.110   -0.040    0.060
gl1203                    3486.000   21.000    4.920    0.090   -0.280    0.070
gl655                     3534.000   30.000    4.940    0.130   -0.220    0.110
gl687                     3389.000   81.000    4.890    0.150   -0.100    0.130
gl4048                    3495.000   20.000    5.010    0.100   -0.210    0.070
gl4070                    3519.000   20.000    4.930    0.100   -0.300    0.080
gl725a                    3473.000   34.000    4.900    0.110   -0.460    0.120
gl4098                    3501.000   25.000    4.920    0.090   -0.130    0.070
gl4109                    3472.000   29.000    4.900    0.080   -0.090    0.070
lp397-041                 3611.000   25.000    4.670    0.160    0.050    0.050
lspmj2116+0234            3550.000   23.000    4.880    0.110   -0.130    0.090
gl4205                    3525.000   23.000    4.870    0.100   -0.150    0.080
gl9773                    3528.000   25.000    4.900    0.130   -0.300    0.090
gl9799                    3335.000   44.000    4.680    0.140   -0.450    0.180
gl4383                    3496.000   20.000    4.970    0.080   -0.100    0.060
gl15b                     3318.000   53.000    5.200    0.110   -0.530    0.170
gl83.1                    3237.000   32.000    5.220    0.140   -0.380    0.140
g173-037                  3455.000   22.000    5.160    0.130   -0.120    0.060
gl3136                    3266.000   36.000    4.880    0.140   -0.240    0.190
lspmj0422+1031            3546.000   25.000    4.710    0.100   -0.100    0.070
2massj04425586+2128230    3499.000   24.000    4.900    0.080   -0.020    0.040
gl179                     3439.000   30.000    4.830    0.080   -0.130    0.060
gl203                     3440.000   27.000    5.050    0.110   -0.240    0.090
gl3356                    3464.000   28.000    4.850    0.080   -0.120    0.070
gl3378                    3431.000   35.000    4.970    0.120   -0.220    0.130
gl3404                    3475.000   27.000    4.880    0.080   -0.130    0.080
gl273                     3380.000   43.000    4.960    0.110   -0.170    0.110
gl277b                    3289.000   32.000    5.100    0.130   -0.150    0.090
gl1105                    3431.000   28.000    4.870    0.100   -0.220    0.080
lspmj0840+3127            3426.000   23.000    4.880    0.090   -0.200    0.070
gl317                     3496.000   37.000    4.780    0.090   -0.050    0.080
gl1125                    3460.000   27.000    4.900    0.080   -0.180    0.080
gl363                     3439.000   29.000    4.790    0.060   -0.110    0.060
gl3564                    3492.000   23.000    4.840    0.060   -0.100    0.050
lp092-048                 3474.000   24.000    4.900    0.080   -0.140    0.060
gl398                     3268.000   16.000    5.140    0.080   -0.910    0.070
gl3666                    3405.000   33.000    4.860    0.100   -0.270    0.100
lp672-042                 3486.000   28.000    4.900    0.080   -0.030    0.050
gl445                     3361.000   45.000    4.930    0.120   -0.550    0.140
gl3707                    3415.000   35.000    4.740    0.110   -0.120    0.100
gl486                     3408.000   45.000    4.820    0.120   -0.230    0.130
gl513                     3455.000   24.000    4.830    0.070   -0.170    0.060
gl3801                    3430.000   28.000    4.880    0.090   -0.210    0.090
gl3804                    3443.000   29.000    4.780    0.100   -0.160    0.090
gl553.1                   3450.000   28.000    4.790    0.080   -0.230    0.070
gl3873                    3433.000   29.000    4.820    0.120   -0.130    0.080
gl3929                    3478.000   32.000    4.910    0.100   -0.160    0.080
gl628                     3426.000   33.000    4.890    0.100   -0.220    0.110
gl643                     3397.000   33.000    5.070    0.120   -0.250    0.100
gl1207                    3206.000   14.000    4.810    0.080   -0.890    0.030
gl3992                    3472.000   35.000    4.740    0.080   -0.130    0.080
gl699                     3254.000   32.000    5.130    0.120   -0.840    0.100
gl4062                    3492.000   25.000    4.920    0.090   -0.070    0.060
gl4063                    3447.000   46.000    4.690    0.110   -0.060    0.090
gl725b                    3393.000   48.000    4.980    0.120   -0.560    0.180
gl729                     3340.000   30.000    5.230    0.110   -0.630    0.100
gl843                     3474.000   23.000    4.850    0.070   -0.170    0.070
gl849                     3540.000   31.000    4.810    0.110   -0.020    0.070
gl873                     3306.000   30.000    5.060    0.130   -0.890    0.090
nltt56083                 3477.000   38.000    4.810    0.100   -0.120    0.090
gl1006b                   3329.000   30.000    4.930    0.070   -0.180    0.090
gl1012                    3419.000   28.000    4.810    0.080   -0.170    0.080
lp768-113                 3376.000   34.000    5.150    0.120   -0.200    0.080
barta16112                3052.000   12.000    4.730    0.150   -0.040    0.080
gl102                     3313.000   24.000    5.190    0.100   -0.270    0.100
gl105b                    3335.000   45.000    4.910    0.100   -0.360    0.120
rbs365                    3158.000   42.000    4.680    0.170   -0.060    0.190
stn2051a                  3382.000   39.000    4.890    0.100   -0.250    0.110
1rxsj050156.7+010845      3217.000   75.000    4.660    0.180   -0.290    0.260
gl3323                    3284.000   27.000    5.130    0.130   -0.320    0.130
rxj0506.2+0439            3134.000   42.000    4.720    0.190    0.100    0.160
gl3357                    3422.000   29.000    4.810    0.080   -0.190    0.060
2massj05363846+1117487    3355.000   23.000    5.170    0.160   -0.290    0.100
gl213                     3324.000   38.000    4.930    0.080   -0.440    0.110
gl3379                    3296.000   19.000    5.120    0.140   -0.290    0.130
gl232                     3249.000   24.000    5.100    0.090   -0.670    0.100
lp780-032                 3428.000   33.000    5.090    0.120   -0.080    0.070
2massj06572616+7405265    3173.000   24.000    5.060    0.130   -0.100    0.060
gl3423                    3310.000   26.000    5.130    0.120   -0.360    0.110
2massj07471385+5020386    3251.000   59.000    4.920    0.180   -0.140    0.180
g050-016a                 3422.000   26.000    4.720    0.090   -0.360    0.090
gl300                     3356.000   44.000    4.880    0.120   -0.260    0.150
lp035-219                 3364.000   42.000    4.900    0.100   -0.300    0.100
gl3526                    3328.000   42.000    4.960    0.080   -0.400    0.130
rxj0916.1+0153            3237.000   60.000    4.840    0.190   -0.130    0.210
gl1129                    3417.000   31.000    4.840    0.110   -0.140    0.090
lp729-054                 3434.000   28.000    4.740    0.100   -0.270    0.100
gl3626                    3441.000   34.000    4.740    0.070   -0.060    0.060
gl402                     3410.000   42.000    4.920    0.130   -0.140    0.110
gl1148                    3387.000   43.000    4.830    0.100   -0.170    0.100
lp613-049a                3282.000   19.000    5.160    0.100   -0.510    0.120
gl447                     3325.000   43.000    5.090    0.140   -0.160    0.130
gl3704                    3339.000   41.000    4.910    0.100   -0.100    0.110
stkm2-809                 3360.000   43.000    4.650    0.170   -0.280    0.140
lp795-038                 3431.000   36.000    4.700    0.100   -0.060    0.070
g123-055                  3328.000   25.000    5.050    0.140   -0.140    0.090
gl3779                    3327.000   44.000    4.930    0.090   -0.440    0.130
rxj1353.6+7737            3198.000   83.000    4.940    0.210   -0.010    0.300
gl3820                    3261.000   20.000    5.120    0.100   -0.220    0.070
gl555                     3347.000   50.000    4.760    0.130   -0.260    0.150
gl592                     3428.000   33.000    4.750    0.080   -0.110    0.070
gl609                     3362.000   34.000    4.970    0.100   -0.160    0.120
gl1222                    3312.000   30.000    4.860    0.080   -0.190    0.090
gl4044                    3271.000   63.000    4.830    0.160   -0.520    0.130
gl712                     3397.000   28.000    4.890    0.090   -0.500    0.110
gl1227                    3294.000   43.000    5.120    0.150   -0.100    0.110
gl4065                    3335.000   28.000    5.180    0.120   -0.150    0.080
toi-1670                  3448.000   77.000    4.820    0.160   -0.110    0.120
gl1243                    3177.000   39.000    5.000    0.150    0.160    0.190
gl1254                    3406.000   32.000    4.760    0.140   -0.160    0.120
lp816-060                 3382.000   40.000    5.010    0.120   -0.070    0.090
lspmj2146+3813            3247.000   21.000    4.840    0.110   -0.860    0.090
gl1263                    3408.000   29.000    4.820    0.090   -0.210    0.080
g264-012                  3409.000   38.000    4.850    0.110   -0.150    0.110
gl4247                    3195.000   29.000    5.000    0.160    0.030    0.110
gl4276                    3448.000   40.000    4.760    0.100   -0.060    0.080
gl1270                    3332.000   32.000    4.880    0.070   -0.260    0.100
gl876a                    3421.000   40.000    4.830    0.100   -0.110    0.100
gl4333                    3398.000   47.000    4.810    0.110   -0.030    0.100
gl1289                    3301.000   30.000    5.180    0.120   -0.160    0.100
gl4367                    3377.000   34.000    4.830    0.100   -0.140    0.100
rxj2354.8+3831            3263.000   16.000    5.130    0.100   -0.810    0.090
gl54.1                    3228.000   46.000    5.240    0.160   -0.570    0.200
gl166c                    3179.000   61.000    5.000    0.180   -0.440    0.170
gl285                     3251.000   34.000    5.110    0.140   -0.570    0.240
gl1101                    3252.000   55.000    4.800    0.190   -0.360    0.210
gl299                     3245.000   23.000    5.240    0.080   -0.720    0.090
gl324b                    3321.000   37.000    4.870    0.080   -0.160    0.110
gl1119                    3293.000   30.000    5.160    0.140   -0.060    0.080
gl1134                    3298.000   27.000    4.870    0.080   -0.290    0.120
gl1151                    3282.000   38.000    5.090    0.090   -0.190    0.100
gl493.1                   3158.000   38.000    4.700    0.120   -0.530    0.110
gl3988                    3273.000   32.000    4.920    0.140   -0.190    0.170
gl1224                    3220.000   22.000    5.230    0.110   -0.540    0.130
gl4053                    3172.000   45.000    4.970    0.150   -0.680    0.160
gl1232                    3277.000   34.000    4.930    0.130   -0.210    0.160
gl1235                    3278.000   35.000    5.050    0.120   -0.250    0.130
gl1256                    3263.000   36.000    5.020    0.120   -0.160    0.110
gl1265                    3256.000   41.000    5.000    0.100   -0.410    0.160
gl4274                    3228.000   19.000    5.260    0.130   -0.190    0.100
gl3069                    3070.000   13.000    5.120    0.030   -0.300    0.060
gl51                      3057.000   49.000    5.120    0.180   -0.360    0.240
gl1028                    3209.000   41.000    5.090    0.140   -0.160    0.170
gl1057                    3214.000   40.000    5.060    0.160   -0.100    0.170
rxj0447.2+2038            3096.000   14.000    5.120    0.070   -0.110    0.040
2massj05082729-2101444    3233.000   22.000    4.520    0.100   -0.550    0.070
gl3380                    3213.000   35.000    5.170    0.140   -0.150    0.130
gl3396                    3084.000   13.000    4.880    0.070   -0.060    0.050
gl1093                    3146.000   38.000    5.090    0.170   -0.160    0.190
g161-071                  3068.000   15.000    5.050    0.050   -0.210    0.070
lp731-076                 3218.000   23.000    5.230    0.110   -0.450    0.170
1rxsj114728.8+664405      3219.000   35.000    4.980    0.180   -0.620    0.190
gl1156                    3064.000   32.000    5.060    0.170   -0.400    0.220
g177-025                  3221.000   21.000    5.250    0.120   -0.370    0.130
rxj1417.3+4525            3222.000   24.000    5.190    0.070   -0.740    0.070
lp022-420                 3095.000   15.000    5.070    0.090   -0.250    0.090
gl3959                    3170.000   42.000    4.860    0.130   -0.690    0.110
lp071-082                 3213.000   43.000    5.150    0.120   -0.670    0.150
gl1223                    3210.000   39.000    5.020    0.180   -0.080    0.170
g140-051                  3240.000   36.000    4.970    0.130   -0.260    0.140
g141-036                  3175.000   39.000    5.100    0.160   -0.190    0.130
2massj19421282-2045477    3241.000   54.000    4.810    0.150   -0.710    0.100
2massj20091824-0113377    3301.000   90.000    4.960    0.170   -0.740    0.150
gl1253                    3223.000   49.000    4.970    0.150   -0.230    0.240
gl810b                    3193.000   23.000    4.980    0.100   -0.530    0.110
gl905                     3186.000   41.000    5.150    0.180    0.040    0.170
gl1002                    3169.000   53.000    5.200    0.160   -0.220    0.220
gl3512                    3141.000   38.000    5.280    0.170   -0.120    0.160
gl412b                    3278.000   86.000    5.250    0.200   -0.520    0.250
nltt40406                 3073.000   15.000    5.160    0.050   -0.430    0.080
1rxsj173353.5+165515      3048.000   11.000    4.950    0.130   -0.050    0.060
1rxsj221124.3+410000      3132.000   30.000    5.150    0.160   -0.070    0.120
gl1286                    3136.000   38.000    5.270    0.170   -0.200    0.170
gl283b                    3031.000   26.000    5.030    0.170    0.040    0.180
gl406                     3071.000   24.000    5.250    0.180   -0.090    0.200
lp560-035                 3161.000   86.000    5.040    0.210   -0.130    0.320
gl1111                    2997.000   49.000    5.160    0.180    0.010    0.190
lp368-128                 3061.000   43.000    5.170    0.210   -0.020    0.180
gl3622                    3029.000   25.000    5.330    0.160   -0.130    0.170
teegarden'sstar           3034.000   45.000    5.190    0.200   -0.170    0.280
nltt20861                 3027.000   19.000    5.090    0.120   -0.380    0.120
gl644c                    3005.000   21.000    5.250    0.180   -0.080    0.090
lsrj0539+4038                0.000    0.000    0.000    0.000    0.000    0.000
gl752b                       0.000    0.000    0.000    0.000    0.000    0.000
lspmj1925+0938               0.000    0.000    0.000    0.000    0.000    0.000
2mucd12171                   0.000    0.000    0.000    0.000    0.000    0.000
lsrj0419+4233                0.000    0.000    0.000    0.000    0.000    0.000
lsrj1835+3259                0.000    0.000    0.000    0.000    0.000    0.000
gl3517                       0.000    0.000    0.000    0.000    0.000    0.000
