#pass_2019_vn Passegger_et_al_(2019)_VIS+NIR
gl2      3772.000   54.000    4.680    0.060    0.260    0.190
gl1002   3038.000   54.000    5.040    0.060   -0.100    0.190
gl1006b  3272.000   54.000    4.850    0.060    0.110    0.190
gl15a    3606.000   54.000    4.770    0.060   -0.140    0.190
gl15b    3261.000   54.000    4.960    0.060   -0.120    0.190
gl1012   3343.000   54.000    4.800    0.060    0.150    0.190
gl26     3491.000   54.000    4.780    0.060   -0.020    0.190
gl47     3496.000   54.000    4.800    0.060   -0.110    0.190
gl48     3432.000   54.000    4.780    0.060    0.080    0.190
gl49     3810.000   54.000    4.670    0.060    0.410    0.190
gl1028   3094.000   54.000    4.980    0.060    0.060    0.190
gl54.1      0.000    0.000    0.000    0.000    0.000    0.000
gl70     3485.000   54.000    4.800    0.060   -0.060    0.190
gl3117a  3666.000   54.000    4.640    0.060    0.320    0.190
gl83.1   3154.000   54.000    5.010    0.060   -0.130    0.190
gl3126   3452.000   54.000    4.790    0.060    0.030    0.190
gl3136   3231.000  124.000    4.820    0.120   -0.250    0.400
gl87     3605.000   54.000    4.730    0.060    0.000    0.190
gl96     3916.000   54.000    4.640    0.060    0.320    0.190
gl102    3241.000   64.000    4.940    0.070   -0.070    0.190
gl104    3726.000   54.000    4.630    0.060    0.380    0.190
gl105b   3280.000   54.000    4.850    0.060    0.100    0.190
gl109    3434.000   54.000    4.830    0.060   -0.010    0.190
gl119a   3889.000   54.000    4.640    0.060    0.450    0.190
gl1057      0.000    0.000    0.000    0.000    0.000    0.000
gl134    3888.000   54.000    4.640    0.060    0.520    0.190
gl133    3533.000   54.000    4.780    0.060   -0.090    0.190
gl3218   3502.000   54.000    4.850    0.060   -0.140    0.190
gl154    4001.000   64.000    4.660    0.070    0.390    0.190
gl169    4187.000   64.000    4.630    0.070    0.450    0.190
gl169.1a 3230.000   64.000    4.860    0.070    0.120    0.190
gl173    3611.000   54.000    4.740    0.060    0.100    0.190
gl172    4010.000   54.000    4.640    0.060    0.180    0.190
gl176    3689.000   54.000    4.660    0.060    0.330    0.190
gl179    3341.000   54.000    4.840    0.060    0.040    0.190
gl180    3543.000   54.000    4.760    0.060   -0.030    0.190
gl181    4004.000   54.000    4.640    0.060    0.330    0.190
gl3323   3204.000   54.000    4.980    0.060   -0.100    0.190
gl3325   3392.000   54.000    4.870    0.060   -0.040    0.190
gl192    3570.000   54.000    4.750    0.060   -0.010    0.190
gl203    3335.000   54.000    4.850    0.060    0.000    0.190
gl205    3912.000   54.000    4.640    0.060    0.570    0.190
gl207.1     0.000    0.000    0.000    0.000    0.000    0.000
gl3356   3385.000   54.000    4.840    0.060    0.040    0.190
gl3357   3317.000   54.000    4.830    0.060    0.100    0.190
gl208    4062.000   64.000    4.660    0.070    0.310    0.190
gl212    3869.000   54.000    4.630    0.060    0.340    0.190
gl213    3259.000   54.000    4.880    0.060    0.030    0.190
gl3379   3234.000   64.000    4.950    0.070   -0.100    0.190
gl3378   3293.000   54.000    4.770    0.060   -0.030    0.190
gl3380   3112.000   54.000    4.980    0.060   -0.040    0.190
gl226    3497.000   54.000    4.780    0.060   -0.050    0.190
gl229a   3842.000   54.000    4.680    0.060    0.340    0.190
gl232    3216.000   54.000    4.930    0.060   -0.020    0.190
gl239    3732.000   54.000    4.770    0.060   -0.280    0.190
gl3404a  3400.000   54.000    4.820    0.060    0.010    0.190
gl251    3410.000   54.000    4.850    0.060    0.000    0.190
gl1093   3023.000   54.000    4.990    0.060    0.100    0.190
gl3423      0.000    0.000    0.000    0.000    0.000    0.000
gl258    3421.000   54.000    4.810    0.060   -0.010    0.190
gl273    3320.000   54.000    4.850    0.060    0.040    0.190
gl1097   3421.000   54.000    4.810    0.060    0.010    0.190
gl277c   3261.000   54.000    4.930    0.060   -0.050    0.190
gl3452   3513.000   54.000    4.810    0.060   -0.050    0.190
gl282c   3790.000   64.000    4.700    0.070    0.100    0.190
gl3459   3399.000   54.000    4.830    0.060   -0.040    0.190
gl281    4000.000   54.000    4.630    0.060    0.310    0.190
gl1101   3217.000  131.000    4.980    0.100   -0.090    0.290
gl1105   3321.000   54.000    4.850    0.060    0.040    0.190
gl299    3190.000   54.000    4.990    0.060   -0.110    0.190
gl300    3269.000   54.000    4.850    0.060    0.120    0.190
gl2066   3534.000   54.000    4.770    0.060   -0.040    0.190
gl3506   3434.000   54.000    4.820    0.060   -0.050    0.190
gl317    3381.000   54.000    4.790    0.060    0.110    0.190
gl3512   3028.000   54.000    5.020    0.060   -0.010    0.190
gl324b   3250.000   54.000    4.890    0.060    0.130    0.190
gl1119   3151.000   54.000    4.790    0.060   -0.090    0.190
gl3526   3318.000   54.000    4.840    0.060    0.050    0.190
gl338a   4007.000   54.000    4.670    0.060    0.200    0.190
gl338b   3980.000   54.000    4.670    0.060    0.210    0.190
gl3543   3524.000   54.000    4.850    0.060   -0.180    0.190
gl1125   3370.000   54.000    4.830    0.060    0.000    0.190
gl357    3480.000   54.000    4.800    0.060   -0.060    0.190
gl361    3654.000   54.000    4.720    0.060    0.180    0.190
gl363    3328.000   54.000    4.830    0.060    0.070    0.190
gl360    3718.000   54.000    4.670    0.060    0.490    0.190
gl362    3378.000   54.000    4.870    0.060   -0.030    0.190
gl3564   3386.000   54.000    4.840    0.060    0.040    0.190
gl1129   3305.000   54.000    4.860    0.060    0.030    0.190
gl366    3614.000   54.000    4.720    0.060    0.040    0.190
gl369    3741.000   54.000    4.680    0.060    0.110    0.190
gl373    3981.000   54.000    4.670    0.060    0.340    0.190
gl378    3751.000   54.000    4.660    0.060    0.240    0.190
gl382    3750.000   54.000    4.680    0.060    0.370    0.190
gl386    3572.000   54.000    4.680    0.060    0.340    0.190
gl388    3308.000   64.000    4.930    0.070   -0.130    0.190
gl390    3778.000   54.000    4.680    0.060    0.320    0.190
gl393    3533.000   54.000    4.770    0.060   -0.040    0.190
gl399    3616.000   54.000    4.710    0.060    0.310    0.190
gl1134   3225.000   54.000    4.890    0.060    0.060    0.190
gl3626   3352.000   54.000    4.800    0.060    0.150    0.190
gl402    3278.000   54.000    4.880    0.060    0.030    0.190
gl408    3441.000   54.000    4.750    0.060   -0.100    0.190
gl410    3891.000   54.000    4.680    0.060    0.290    0.190
gl411    3569.000   54.000    4.750    0.060   -0.010    0.190
gl412a   3626.000   54.000    4.780    0.060   -0.200    0.190
gl414b   3815.000   54.000    4.650    0.060    0.470    0.190
gl3649   3778.000   54.000    4.650    0.060    0.330    0.190
gl3666   3331.000   54.000    4.850    0.060    0.010    0.190
gl1148   3303.000   54.000    4.740    0.060    0.070    0.190
gl436    3472.000   54.000    4.770    0.060    0.030    0.190
gl443    3674.000   54.000    4.660    0.060    0.520    0.190
gl445    3321.000   54.000    4.850    0.060    0.030    0.190
gl447    3226.000   54.000    4.190    0.060    0.000    0.190
gl1151   3185.000   54.000    4.960    0.060   -0.020    0.190
gl450    3615.000   54.000    4.760    0.060   -0.090    0.190
gl3704   3269.000   54.000    4.890    0.060    0.100    0.190
gl3707   3309.000   54.000    4.820    0.060    0.140    0.190
gl3708a  3440.000   54.000    4.830    0.060    0.000    0.190
gl458a   3913.000   54.000    4.680    0.060    0.220    0.190
gl463    3523.000   54.000    4.720    0.060    0.190    0.190
gl465    3476.000   54.000    4.810    0.060   -0.080    0.190
gl471    3914.000   54.000    4.650    0.060    0.220    0.190
gl476    3515.000   54.000    4.750    0.060    0.060    0.190
gl480    3393.000   54.000    4.800    0.060    0.090    0.190
gl486    3340.000   54.000    4.830    0.060    0.070    0.190
gl493.1  3200.000  134.000    4.950    0.110   -0.040    0.330
gl507.1  3838.000   54.000    4.640    0.060    0.490    0.190
gl508.2  3736.000   54.000    4.660    0.060    0.220    0.190
gl3779   3285.000   54.000    4.870    0.060    0.020    0.190
gl512a   3425.000   54.000    4.790    0.060    0.080    0.190
gl513    3391.000   54.000    4.800    0.060    0.060    0.190
gl514    3745.000   54.000    4.670    0.060    0.140    0.190
gl3801   3324.000   54.000    4.860    0.060    0.000    0.190
gl525    3807.000   54.000    4.730    0.060   -0.230    0.190
gl526    3613.000   54.000    4.730    0.060    0.000    0.190
gl3804   3365.000   54.000    4.820    0.060    0.070    0.190
gl3817   3337.000   54.000    4.900    0.060   -0.130    0.190
gl536    3709.000   54.000    4.680    0.060    0.160    0.190
gl540    3841.000   54.000    4.650    0.060    0.430    0.190
gl3836   3415.000   54.000    4.810    0.060    0.000    0.190
gl549b   3493.000   54.000    4.770    0.060    0.000    0.190
gl548b   3952.000   54.000    4.640    0.060    0.440    0.190
gl548a   4020.000   54.000    4.630    0.060    0.430    0.190
gl552    3706.000   54.000    4.660    0.060    0.340    0.190
gl553    4070.000   54.000    4.630    0.060    0.380    0.190
gl553.1  3341.000   54.000    4.750    0.060    0.000    0.190
gl555    3275.000   54.000    4.850    0.060    0.110    0.190
gl3871   3738.000   54.000    4.650    0.060    0.490    0.190
gl3873   3343.000   54.000    4.840    0.060    0.050    0.190
gl3885   3388.000   54.000    4.840    0.060   -0.050    0.190
gl3892   3460.000   54.000    4.770    0.060    0.070    0.190
gl581    3413.000   54.000    4.850    0.060   -0.020    0.190
gl9520   3465.000   64.000    4.910    0.070   -0.330    0.190
gl592    3309.000   54.000    4.840    0.060    0.070    0.190
gl3916   3507.000   54.000    4.820    0.060   -0.150    0.190
gl606    3696.000   54.000    4.680    0.060    0.160    0.190
gl609    3273.000   54.000    4.880    0.060    0.000    0.190
gl617b   3455.000   54.000    4.780    0.060    0.060    0.190
gl617a   4075.000   54.000    4.630    0.060    0.410    0.190
gl625    3520.000   54.000    4.850    0.060   -0.170    0.190
gl628    3325.000   54.000    4.750    0.060    0.010    0.190
gl1203   3426.000   54.000    4.800    0.060    0.000    0.190
gl3972   3469.000   54.000    4.780    0.060    0.010    0.190
gl643    3306.000   54.000    4.870    0.060   -0.020    0.190
gl1207   3237.000  131.000    4.950    0.100   -0.090    0.290
gl649    3765.000   54.000    4.660    0.060    0.230    0.190
gl3988   3175.000   54.000    4.910    0.060    0.100    0.190
gl654    3577.000   54.000    4.740    0.060    0.020    0.190
gl655    3454.000   54.000    4.790    0.060    0.000    0.190
gl3992   3396.000   54.000    4.810    0.060    0.040    0.190
gl2128   3510.000   54.000    4.780    0.060   -0.050    0.190
gl671    3465.000   54.000    4.790    0.060   -0.010    0.190
gl678.1a 3821.000   54.000    4.650    0.060    0.130    0.190
gl685    3875.000   54.000    4.650    0.060    0.310    0.190
gl686    3645.000   54.000    4.740    0.060   -0.100    0.190
gl1222   3279.000   54.000    4.840    0.060    0.130    0.190
gl699    3243.000   54.000    4.960    0.060   -0.090    0.190
gl4040   3411.000   54.000    4.840    0.060   -0.010    0.190
gl1223   3092.000   54.000    4.950    0.060    0.140    0.190
gl701    3645.000   54.000    4.740    0.060   -0.080    0.190
gl4048a  3404.000   54.000    4.830    0.060   -0.040    0.190
gl4053   3139.000  134.000    5.020    0.110   -0.160    0.330
gl710    4119.000   54.000    4.670    0.060    0.150    0.190
gl712    3366.000   54.000    4.830    0.060    0.030    0.190
gl1227   3173.000   54.000    4.960    0.060    0.000    0.190
gl4062   3396.000   54.000    4.850    0.060    0.000    0.190
gl4063   3346.000   54.000    4.830    0.060    0.150    0.190
gl720a   3909.000   54.000    4.640    0.060    0.300    0.190
gl4065   3254.000   54.000    4.940    0.060   -0.040    0.190
gl724    3821.000   54.000    4.650    0.060    0.360    0.190
gl4070   3446.000   54.000    4.800    0.060   -0.030    0.190
gl4077   3468.000   54.000    4.790    0.060   -0.030    0.190
gl729    3257.000   64.000    4.980    0.070   -0.230    0.190
gl740    3912.000   54.000    4.640    0.060    0.330    0.190
gl745a   3518.000   54.000    4.810    0.060   -0.140    0.190
gl745b   3518.000   54.000    4.800    0.060   -0.120    0.190
gl4098   3415.000   54.000    4.840    0.060    0.000    0.190
gl1232   3185.000   54.000    4.900    0.060    0.090    0.190
gl752a   3583.000   54.000    4.690    0.060    0.250    0.190
gl1235   3213.000   54.000    4.920    0.060    0.010    0.190
gl4109   3368.000   54.000    4.850    0.060    0.030    0.190
gl763    4025.000   64.000    4.650    0.070    0.090    0.190
gl1243      0.000    0.000    0.000    0.000    0.000    0.000
gl1253   3158.000   54.000    4.930    0.060    0.070    0.190
gl793    3431.000   54.000    4.820    0.060   -0.060    0.190
gl1254   3306.000   54.000    4.810    0.060    0.180    0.190
gl1256   3186.000   54.000    4.910    0.060    0.070    0.190
gl806    3565.000   54.000    4.790    0.060   -0.060    0.190
gl809a   3834.000   54.000    4.650    0.060    0.290    0.190
gl810b   3137.000   54.000    4.960    0.060    0.030    0.190
gl811.1  3459.000   54.000    4.790    0.060    0.010    0.190
gl816    3493.000   54.000    4.760    0.060    0.050    0.190
gl4184   3715.000   54.000    4.660    0.060    0.590    0.190
gl4205   3439.000   54.000    4.800    0.060    0.060    0.190
gl1263a  3304.000   54.000    4.840    0.060    0.080    0.190
gl4247   3205.000  124.000    4.960    0.120   -0.080    0.400
gl843    3392.000   54.000    4.820    0.060    0.020    0.190
gl846    3911.000   54.000    4.640    0.060    0.290    0.190
gl4258   3701.000   54.000    4.680    0.060    0.110    0.190
gl849    3427.000   54.000    4.800    0.060    0.090    0.190
gl851    3733.000   54.000    4.650    0.060    0.450    0.190
gl9773   3467.000   54.000    4.780    0.060    0.000    0.190
gl1265   3197.000   54.000    4.930    0.060    0.010    0.190
gl4276   3338.000   54.000    4.820    0.060    0.110    0.190
gl1270   3262.000   54.000    4.850    0.060    0.110    0.190
gl863    3695.000   54.000    4.730    0.060    0.040    0.190
gl875    3908.000   54.000    4.650    0.060    0.180    0.190
gl875.1  3356.000  131.000    4.920    0.100   -0.140    0.290
gl876    3305.000   54.000    4.750    0.060    0.000    0.190
gl4306   3840.000   54.000    4.650    0.060    0.340    0.190
gl880    3810.000   54.000    4.650    0.060    0.380    0.190
gl4333   3295.000   54.000    4.830    0.060    0.130    0.190
gl895    3846.000   54.000    4.640    0.060    0.410    0.190
gl899    3499.000   54.000    4.770    0.060    0.000    0.190
gl4352   3527.000   54.000    4.800    0.060   -0.050    0.190
gl905    3069.000   54.000    4.970    0.060    0.110    0.190
gl1289   3215.000   54.000    4.950    0.060   -0.030    0.190
gl908    3626.000   54.000    4.730    0.060   -0.020    0.190
gl4367   3265.000   54.000    4.860    0.060    0.090    0.190
gl912    3727.000   54.000    4.650    0.060    0.480    0.190
gl4383   3411.000   54.000    4.820    0.060   -0.010    0.190
