pass_2019_n Passegger_et_al_(2019)_NIR
gl2      3738.000   56.000    4.680    0.040    0.350    0.160
gl1002   3024.000   56.000    5.030    0.040   -0.030    0.160
gl1006b  3360.000   56.000    4.800    0.040    0.110    0.160
gl15a    3628.000   56.000    4.770    0.040   -0.180    0.160
gl15b    3264.000   56.000    4.940    0.040   -0.050    0.160
gl1012   3417.000   56.000    4.750    0.040    0.230    0.160
gl26     3571.000   56.000    4.690    0.040    0.260    0.160
gl47     3484.000   56.000    4.820    0.040   -0.110    0.160
gl48     3563.000   56.000    4.680    0.040    0.350    0.160
gl49     3770.000   56.000    4.680    0.040    0.540    0.160
gl1028   3156.000   56.000    4.930    0.040    0.070    0.160
gl54.1      0.000    0.000    0.000    0.000    0.000    0.000
gl70     3533.000   56.000    4.740    0.040    0.080    0.160
gl3117a  3697.000   56.000    4.630    0.040    0.400    0.160
gl83.1   3157.000   56.000    5.010    0.040   -0.130    0.160
gl3126   3603.000   56.000    4.670    0.040    0.500    0.160
gl3136   3129.000  170.000    4.780    0.110   -0.040    0.460
gl87     3661.000   56.000    4.720    0.040   -0.010    0.160
gl96     3840.000   56.000    4.640    0.040    0.470    0.160
gl102       0.000    0.000    0.000    0.000    0.000    0.000
gl104    3720.000   56.000    4.640    0.040    0.530    0.160
gl105b   3392.000   56.000    4.810    0.040    0.050    0.160
gl109    3464.000   56.000    4.780    0.040    0.130    0.160
gl119a   3813.000   56.000    4.650    0.040    0.570    0.160
gl1057      0.000    0.000    0.000    0.000    0.000    0.000
gl134    3844.000   56.000    4.650    0.040    0.620    0.160
gl133    3554.000   56.000    4.730    0.040    0.080    0.160
gl3218   3645.000   56.000    4.690    0.040    0.500    0.160
gl154    3911.000   72.000    4.660    0.050    0.550    0.160
gl169    4003.000   72.000    4.640    0.050    0.660    0.160
gl169.1a 3234.000   72.000    4.880    0.050    0.090    0.160
gl173    3691.000   56.000    4.700    0.040    0.280    0.160
gl172    3927.000   56.000    4.640    0.040    0.270    0.160
gl176    3654.000   56.000    4.660    0.040    0.480    0.160
gl179    3349.000   56.000    4.800    0.040    0.140    0.160
gl180    3564.000   56.000    4.760    0.040   -0.040    0.160
gl181    3918.000   56.000    4.640    0.040    0.470    0.160
gl3323   3187.000   56.000    4.960    0.040   -0.050    0.160
gl3325   3412.000   56.000    4.870    0.040   -0.070    0.160
gl192    3637.000   56.000    4.690    0.040    0.180    0.160
gl203    3379.000   56.000    4.830    0.040    0.000    0.160
gl205    3865.000   56.000    4.650    0.040    0.650    0.160
gl207.1     0.000    0.000    0.000    0.000    0.000    0.000
gl3356   3375.000   56.000    4.830    0.040    0.130    0.160
gl3357   3325.000   56.000    4.820    0.040    0.130    0.160
gl208    3940.000   72.000    4.670    0.050    0.500    0.160
gl212    3803.000   56.000    4.630    0.040    0.470    0.160
gl213    3273.000   56.000    4.850    0.040    0.120    0.160
gl3379   3220.000   72.000    4.980    0.050   -0.170    0.160
gl3378   3278.000   56.000    4.760    0.040    0.000    0.160
gl3380   3086.000   56.000    4.950    0.040    0.070    0.160
gl226    3574.000   56.000    4.700    0.040    0.230    0.160
gl229a   3793.000   56.000    4.680    0.040    0.470    0.160
gl232    3230.000   56.000    4.920    0.040   -0.020    0.160
gl239    3734.000   56.000    4.770    0.040   -0.290    0.160
gl3404a  3475.000   56.000    4.750    0.040    0.140    0.160
gl251    3455.000   56.000    4.770    0.040    0.200    0.160
gl1093   3014.000   56.000    5.000    0.040    0.090    0.160
gl3423      0.000    0.000    0.000    0.000    0.000    0.000
gl258    3482.000   56.000    4.720    0.040    0.270    0.160
gl273    3344.000   56.000    4.820    0.040    0.090    0.160
gl1097   3480.000   56.000    4.730    0.040    0.210    0.160
gl277c   3312.000   56.000    4.970    0.040   -0.250    0.160
gl3452   3531.000   56.000    4.810    0.040   -0.070    0.160
gl282c   3678.000   72.000    4.690    0.050    0.360    0.160
gl3459   3444.000   56.000    4.830    0.040   -0.080    0.160
gl281    3871.000   56.000    4.640    0.040    0.480    0.160
gl1101   3137.000  162.000    4.960    0.100    0.070    0.330
gl1105   3434.000   56.000    4.830    0.040   -0.080    0.160
gl299    3235.000   56.000    4.970    0.040   -0.120    0.160
gl300    3269.000   56.000    4.850    0.040    0.120    0.160
gl2066   3595.000   56.000    4.700    0.040    0.170    0.160
gl3506   3445.000   56.000    4.830    0.040   -0.100    0.160
gl317    3539.000   56.000    4.680    0.040    0.490    0.160
gl3512   3031.000   56.000    5.030    0.040   -0.020    0.160
gl324b   3243.000   56.000    4.880    0.040    0.170    0.160
gl1119   3136.000   56.000    4.770    0.040    0.000    0.160
gl3526   3360.000   56.000    4.830    0.040    0.050    0.160
gl338a   3913.000   56.000    4.670    0.040    0.290    0.160
gl338b   3904.000   56.000    4.670    0.040    0.300    0.160
gl3543   3622.000   56.000    4.700    0.040    0.440    0.160
gl1125   3378.000   56.000    4.820    0.040    0.050    0.160
gl357    3524.000   56.000    4.810    0.040   -0.150    0.160
gl361    3671.000   56.000    4.700    0.040    0.330    0.160
gl363    3434.000   56.000    4.780    0.040    0.090    0.160
gl360    3671.000   56.000    4.680    0.040    0.590    0.160
gl362    3360.000   56.000    4.900    0.040   -0.080    0.160
gl3564   3462.000   56.000    4.730    0.040    0.380    0.160
gl1129   3385.000   56.000    4.820    0.040    0.040    0.160
gl366    3704.000   56.000    4.680    0.040    0.130    0.160
gl369    3715.000   56.000    4.680    0.040    0.120    0.160
gl373    3865.000   56.000    4.670    0.040    0.520    0.160
gl378    3749.000   56.000    4.660    0.040    0.220    0.160
gl382    3711.000   56.000    4.680    0.040    0.510    0.160
gl386    3632.000   56.000    4.660    0.040    0.440    0.160
gl388    3368.000   72.000    5.000    0.050   -0.380    0.160
gl390    3761.000   56.000    4.670    0.040    0.400    0.160
gl393    3577.000   56.000    4.720    0.040    0.140    0.160
gl399    3634.000   56.000    4.690    0.040    0.510    0.160
gl1134   3243.000   56.000    4.900    0.040    0.000    0.160
gl3626   3542.000   56.000    4.680    0.040    0.400    0.160
gl402    3373.000   56.000    4.860    0.040   -0.040    0.160
gl408    3503.000   56.000    4.680    0.040    0.160    0.160
gl410    3801.000   56.000    4.680    0.040    0.430    0.160
gl411    3603.000   56.000    4.790    0.040   -0.210    0.160
gl412a   3663.000   56.000    4.780    0.040   -0.230    0.160
gl414b   3882.000   56.000    4.640    0.040    0.550    0.160
gl3649   3756.000   56.000    4.650    0.040    0.450    0.160
gl3666   3367.000   56.000    4.820    0.040    0.060    0.160
gl1148   3321.000   56.000    4.720    0.040    0.130    0.160
gl436    3571.000   56.000    4.690    0.040    0.300    0.160
gl443    3720.000   56.000    4.650    0.040    0.550    0.160
gl445    3352.000   56.000    4.820    0.040    0.070    0.160
gl447    3267.000   56.000    4.890    0.040   -0.010    0.160
gl1151   3265.000   56.000    4.940    0.040   -0.100    0.160
gl450    3634.000   56.000    4.700    0.040    0.100    0.160
gl3704   3282.000   56.000    4.880    0.040    0.100    0.160
gl3707   3443.000   56.000    4.770    0.040    0.120    0.160
gl3708a  3464.000   56.000    4.800    0.040    0.070    0.160
gl458a   3855.000   56.000    4.680    0.040    0.260    0.160
gl463    3615.000   56.000    4.670    0.040    0.390    0.160
gl465    3512.000   56.000    4.860    0.040   -0.260    0.160
gl471    3848.000   56.000    4.650    0.040    0.290    0.160
gl476    3624.000   56.000    4.680    0.040    0.220    0.160
gl480    3626.000   56.000    4.660    0.040    0.470    0.160
gl486    3354.000   56.000    4.800    0.040    0.130    0.160
gl493.1     0.000    0.000    0.000    0.000    0.000    0.000
gl507.1  3793.000   56.000    4.640    0.040    0.610    0.160
gl508.2  3735.000   56.000    4.670    0.040    0.230    0.160
gl3779   3286.000   56.000    4.820    0.040    0.160    0.160
gl512a   3585.000   56.000    4.670    0.040    0.560    0.160
gl513    3473.000   56.000    4.720    0.040    0.260    0.160
gl514    3722.000   56.000    4.670    0.040    0.180    0.160
gl3801   3404.000   56.000    4.800    0.040    0.060    0.160
gl525    3799.000   56.000    4.740    0.040   -0.260    0.160
gl526    3659.000   56.000    4.700    0.040    0.050    0.160
gl3804   3373.000   56.000    4.820    0.040    0.060    0.160
gl3817   3314.000   56.000    4.880    0.040   -0.040    0.160
gl536    3726.000   56.000    4.670    0.040    0.200    0.160
gl540    3796.000   56.000    4.650    0.040    0.530    0.160
gl3836   3525.000   56.000    4.690    0.040    0.350    0.160
gl549b   3554.000   56.000    4.700    0.040    0.210    0.160
gl548b   3882.000   56.000    4.640    0.040    0.590    0.160
gl548a   3909.000   56.000    4.640    0.040    0.610    0.160
gl552    3680.000   56.000    4.660    0.040    0.400    0.160
gl553    3995.000   56.000    4.640    0.040    0.510    0.160
gl553.1  3424.000   56.000    4.720    0.040    0.050    0.160
gl555    3364.000   56.000    4.830    0.040    0.030    0.160
gl3871   3761.000   56.000    4.650    0.040    0.540    0.160
gl3873   3421.000   56.000    4.760    0.040    0.170    0.160
gl3885   3373.000   56.000    4.850    0.040   -0.060    0.160
gl3892   3578.000   56.000    4.680    0.040    0.310    0.160
gl581    3424.000   56.000    4.830    0.040    0.030    0.160
gl9520   3417.000   72.000    4.970    0.050   -0.400    0.160
gl592    3321.000   56.000    4.830    0.040    0.100    0.160
gl3916   3515.000   56.000    4.870    0.040   -0.300    0.160
gl606    3695.000   56.000    4.660    0.040    0.280    0.160
gl609    3274.000   56.000    4.850    0.040    0.090    0.160
gl617b   3592.000   56.000    4.670    0.040    0.470    0.160
gl617a   3965.000   56.000    4.640    0.040    0.570    0.160
gl625    3544.000   56.000    4.880    0.040   -0.270    0.160
gl628    3353.000   56.000    4.730    0.040    0.070    0.160
gl1203   3495.000   56.000    4.770    0.040    0.010    0.160
gl3972   3585.000   56.000    4.680    0.040    0.370    0.160
gl643    3321.000   56.000    4.870    0.040   -0.040    0.160
gl1207   3218.000  162.000    4.970    0.100   -0.140    0.330
gl649    3720.000   56.000    4.660    0.040    0.310    0.160
gl3988   3184.000   56.000    4.920    0.040    0.050    0.160
gl654    3639.000   56.000    4.710    0.040    0.070    0.160
gl655    3534.000   56.000    4.700    0.040    0.260    0.160
gl3992   3482.000   56.000    4.720    0.040    0.260    0.160
gl2128   3563.000   56.000    4.710    0.040    0.140    0.160
gl671    3513.000   56.000    4.750    0.040    0.070    0.160
gl678.1a 3797.000   56.000    4.640    0.040    0.210    0.160
gl685    3800.000   56.000    4.650    0.040    0.440    0.160
gl686    3652.000   56.000    4.740    0.040   -0.090    0.160
gl1222   3296.000   56.000    4.820    0.040    0.150    0.160
gl699    3278.000   56.000    4.930    0.040   -0.130    0.160
gl4040   3533.000   56.000    4.710    0.040    0.380    0.160
gl1223   3170.000   56.000    4.910    0.040    0.090    0.160
gl701    3660.000   56.000    4.700    0.040    0.080    0.160
gl4048a  3435.000   56.000    4.850    0.040   -0.120    0.160
gl4053   3084.000  162.000    5.000    0.110   -0.010    0.380
gl710    4006.000   56.000    4.670    0.040    0.240    0.160
gl712    3409.000   56.000    4.800    0.040    0.040    0.160
gl1227   3234.000   56.000    4.940    0.040   -0.050    0.160
gl4062   3434.000   56.000    4.780    0.040    0.190    0.160
gl4063   3343.000   56.000    4.860    0.040    0.070    0.160
gl720a   3874.000   56.000    4.640    0.040    0.360    0.160
gl4065   3250.000   56.000    4.930    0.040    0.000    0.160
gl724    3792.000   56.000    4.650    0.040    0.500    0.160
gl4070   3462.000   56.000    4.810    0.040   -0.050    0.160
gl4077   3485.000   56.000    4.740    0.040    0.140    0.160
gl729    3272.000   72.000    5.030    0.050   -0.430    0.160
gl740    3824.000   56.000    4.650    0.040    0.480    0.160
gl745a   3539.000   56.000    4.800    0.040   -0.160    0.160
gl745b   3544.000   56.000    4.810    0.040   -0.170    0.160
gl4098   3502.000   56.000    4.770    0.040    0.110    0.160
gl1232   3245.000   56.000    4.860    0.040    0.100    0.160
gl752a   3633.000   56.000    4.660    0.040    0.440    0.160
gl1235   3204.000   56.000    4.900    0.040    0.080    0.160
gl4109   3460.000   56.000    4.740    0.040    0.340    0.160
gl763    3978.000   72.000    4.650    0.050    0.120    0.160
gl1243      0.000    0.000    0.000    0.000    0.000    0.000
gl1253   3142.000   56.000    4.960    0.040    0.040    0.160
gl793    3432.000   56.000    4.770    0.040    0.100    0.160
gl1254   3317.000   56.000    4.810    0.040    0.150    0.160
gl1256   3242.000   56.000    4.890    0.040    0.040    0.160
gl806    3618.000   56.000    4.720    0.040    0.150    0.160
gl809a   3794.000   56.000    4.650    0.040    0.340    0.160
gl810b   3165.000   56.000    4.930    0.040    0.070    0.160
gl811.1  3603.000   56.000    4.670    0.040    0.470    0.160
gl816    3630.000   56.000    4.660    0.040    0.460    0.160
gl4184   3805.000   56.000    5.110    0.040    0.850    0.160
gl4205   3554.000   56.000    4.720    0.040    0.230    0.160
gl1263a  3330.000   56.000    4.820    0.040    0.110    0.160
gl4247      0.000    0.000    0.000    0.000    0.000    0.000
gl843    3435.000   56.000    4.760    0.040    0.170    0.160
gl846    3826.000   56.000    4.650    0.040    0.400    0.160
gl4258   3690.000   56.000    4.680    0.040    0.150    0.160
gl849    3633.000   56.000    4.680    0.040    0.540    0.160
gl851    3742.000   56.000    4.650    0.040    0.580    0.160
gl9773   3494.000   56.000    4.740    0.040    0.120    0.160
gl1265   3250.000   56.000    4.890    0.040    0.010    0.160
gl4276   3537.000   56.000    4.680    0.040    0.370    0.160
gl1270   3365.000   56.000    4.840    0.040    0.010    0.160
gl863    3675.000   56.000    4.720    0.040    0.120    0.160
gl875    3834.000   56.000    4.650    0.040    0.260    0.160
gl875.1  3270.000  162.000    4.930    0.100   -0.050    0.330
gl876    3286.000   56.000    4.740    0.040    0.050    0.160
gl4306   3780.000   56.000    4.650    0.040    0.480    0.160
gl880    3784.000   56.000    4.650    0.040    0.530    0.160
gl4333   3328.000   56.000    4.830    0.040    0.090    0.160
gl895    3800.000   56.000    4.650    0.040    0.550    0.160
gl899    3581.000   56.000    4.700    0.040    0.160    0.160
gl4352   3547.000   56.000    4.810    0.040   -0.100    0.160
gl905    3143.000   56.000    4.970    0.040    0.000    0.160
gl1289   3215.000   56.000    4.940    0.040   -0.010    0.160
gl908    3651.000   56.000    4.780    0.040   -0.220    0.160
gl4367   3365.000   56.000    4.830    0.040    0.050    0.160
gl912    3725.000   56.000    4.660    0.040    0.600    0.160
gl4383   3412.000   56.000    4.830    0.040   -0.050    0.160
