# schweitzer-2019 Schweiter_et_al_(2019)
gj2      3675.000   51.000    4.840    0.070   -0.160    0.160 
gj1002   3061.000   51.000    5.190    0.070   -0.130    0.160 
gj1006b  3323.000   51.000    5.030    0.070    0.080    0.160 
gj15a    3615.000   51.000    4.910    0.070   -0.250    0.160 
gj15b    3291.000   51.000    5.110    0.070   -0.190    0.160 
gj1012   3398.000   51.000    4.980    0.070    0.070    0.160 
gj26     3537.000   51.000    4.890    0.070   -0.050    0.160 
gj47     3529.000   51.000    4.940    0.070   -0.160    0.160 
gj48     3488.000   51.000    4.910    0.070    0.020    0.160 
gj49     3805.000   51.000    4.690    0.070    0.130    0.160 
gj1028   3154.000   51.000    5.140    0.070   -0.020    0.160 
gj54.1   3151.000   51.000    5.170    0.070   -0.180    0.160 
gj70     3532.000   51.000    4.910    0.070   -0.090    0.160 
gj3117a  3555.000   51.000    4.900    0.070   -0.080    0.160 
gj83.1   3193.000   51.000    5.150    0.070   -0.190    0.160 
gj3126   3489.000   51.000    4.930    0.070   -0.050    0.160 
gj3136   3315.000   51.000    5.080    0.070   -0.110    0.160 
gj87     3663.000   51.000    4.810    0.070   -0.050    0.160 
gj96     3935.000   51.000    4.670    0.070    0.070    0.160 
gj102    3283.000   51.000    5.090    0.070   -0.090    0.160 
gj104    3585.000   51.000    4.890    0.070   -0.130    0.160 
gj105b   3327.000   51.000    5.030    0.070    0.050    0.160 
gj109    3472.000   51.000    4.950    0.070   -0.060    0.160 
gj119a   3896.000   51.000    4.660    0.070    0.180    0.160 
gj1057   3204.000   51.000    5.110    0.070    0.040    0.160 
gj134    3861.000   51.000    4.660    0.070    0.200    0.160 
gj133    3549.000   51.000    4.930    0.070   -0.180    0.160 
gj3218   3555.000   51.000    4.920    0.070   -0.150    0.160 
gj154    3993.000   51.000    4.650    0.070    0.120    0.160 
gj169    4199.000   51.000    4.590    0.070    0.230    0.160 
gj173    3621.000   51.000    4.850    0.070   -0.070    0.160 
gj172    4034.000   51.000    4.680    0.070   -0.090    0.160 
gj176    3574.000   51.000    4.890    0.070   -0.100    0.160 
gj179    3393.000   51.000    5.000    0.070    0.010    0.160 
gj180    3572.000   51.000    4.900    0.070   -0.120    0.160 
gj181    4022.000   51.000    4.650    0.070    0.090    0.160 
gj3323   3288.000   51.000    5.070    0.070    0.010    0.160 
gj3325   3409.000   51.000    5.020    0.070   -0.110    0.160 
gj192    3582.000   51.000    4.900    0.070   -0.130    0.160 
gj203    3362.000   51.000    5.030    0.070   -0.050    0.160 
gj205    3891.000   51.000    4.640    0.070    0.230    0.160 
gj207.1  3419.000   51.000    5.050    0.070   -0.290    0.160 
gj3356   3421.000   51.000    4.980    0.070   -0.010    0.160 
gj3357   3380.000   51.000    4.990    0.070    0.080    0.160 
gj208    4074.000   51.000    4.650    0.070    0.050    0.160 
gj212    3875.000   51.000    4.690    0.070    0.080    0.160 
gj213    3311.000   51.000    5.050    0.070    0.010    0.160 
gj3379   3284.000   51.000    5.100    0.070   -0.120    0.160 
gj3378   3357.000   51.000    5.030    0.070   -0.010    0.160 
gj3380   3145.000   51.000    5.150    0.070   -0.060    0.160 
gj226    3521.000   51.000    4.920    0.070   -0.110    0.160 
gj229a   3837.000   51.000    4.700    0.070    0.070    0.160 
gj232    3237.000   51.000    5.110    0.070   -0.070    0.160 
gj239    3737.000   51.000    4.890    0.070   -0.420    0.160 
gj3404a  3454.000   51.000    4.950    0.070    0.000    0.160 
gj251    3451.000   51.000    4.960    0.070   -0.030    0.160 
gj1093   3085.000   51.000    5.160    0.070    0.010    0.160 
gj3423   3298.000   51.000    5.090    0.070   -0.120    0.160 
gj258    3461.000   51.000    4.950    0.070   -0.040    0.160 
gj273    3365.000   51.000    5.010    0.070    0.020    0.160 
gj1097   3466.000   51.000    4.940    0.070   -0.030    0.160 
gj277c   3314.000   51.000    5.070    0.070   -0.060    0.160 
gj3452   3520.000   51.000    4.940    0.070   -0.160    0.160 
gj282c   3894.000   51.000    4.690    0.070    0.050    0.160 
gj3459   3426.000   51.000    5.000    0.070   -0.100    0.160 
gj281    4014.000   51.000    4.660    0.070    0.070    0.160 
gj283b   2964.000   51.000    5.220    0.070   -0.090    0.160 
gj1101   3256.000   51.000    5.100    0.070   -0.070    0.160 
gj1105   3367.000   51.000    5.020    0.070   -0.010    0.160 
gj299    3200.000   51.000    5.150    0.070   -0.170    0.160 
gj300    3342.000   51.000    5.010    0.070    0.110    0.160 
gj2066   3568.000   51.000    4.890    0.070   -0.100    0.160 
gj3506   3461.000   51.000    4.980    0.070   -0.110    0.160 
gj317    3432.000   51.000    4.950    0.070    0.080    0.160 
gj3512   3081.000   51.000    5.170    0.070   -0.070    0.160 
gj324b   3320.000   51.000    5.020    0.070    0.150    0.160 
gj1119   3228.000   51.000    5.100    0.070   -0.020    0.160 
gj3526   3358.000   51.000    5.020    0.070    0.010    0.160 
gj338a   4024.000   51.000    4.680    0.070   -0.050    0.160 
gj338b   4005.000   51.000    4.680    0.070   -0.030    0.160 
gj3543   3585.000   51.000    4.910    0.070   -0.180    0.160 
gj1125   3408.000   51.000    5.000    0.070   -0.040    0.160 
gj357    3505.000   51.000    4.940    0.070   -0.120    0.160 
gj361    3613.000   51.000    4.870    0.070   -0.110    0.160 
gj363    3399.000   51.000    4.980    0.070    0.080    0.160 
gj360    3515.000   51.000    4.940    0.070   -0.120    0.160 
gj362    3423.000   51.000    4.990    0.070   -0.060    0.160 
gj3564   3427.000   51.000    4.980    0.070   -0.020    0.160 
gj1129   3362.000   51.000    5.020    0.070    0.030    0.160 
gj366    3680.000   51.000    4.780    0.070   -0.010    0.160 
gj369    3777.000   51.000    4.760    0.070   -0.070    0.160 
gj373    3980.000   51.000    4.660    0.070    0.070    0.160 
gj378    3785.000   51.000    4.720    0.070    0.050    0.160 
gj382    3610.000   51.000    4.870    0.070   -0.130    0.160 
gj386    3532.000   51.000    4.880    0.070    0.010    0.160 
gj390    3780.000   51.000    4.720    0.070    0.060    0.160 
gj393    3579.000   51.000    4.880    0.070   -0.090    0.160 
gj399    3554.000   51.000    4.880    0.070   -0.020    0.160 
gj1134   3272.000   51.000    5.070    0.070    0.070    0.160 
gj3626   3393.000   51.000    4.990    0.070    0.070    0.160 
gj402    3345.000   51.000    5.030    0.070    0.010    0.160 
gj408    3499.000   51.000    4.940    0.070   -0.110    0.160 
gj410    3905.000   51.000    4.690    0.070    0.040    0.160 
gj411    3601.000   51.000    4.870    0.070   -0.090    0.160 
gj412a   3639.000   51.000    4.920    0.070   -0.300    0.160 
gj414b   3753.000   51.000    4.710    0.070    0.130    0.160 
gj3649   3645.000   51.000    4.860    0.070   -0.140    0.160 
gj3666   3375.000   51.000    5.010    0.070    0.000    0.160 
gj1148   3375.000   51.000    4.990    0.070    0.090    0.160 
gj436    3505.000   51.000    4.910    0.070   -0.040    0.160 
gj443    3570.000   51.000    4.820    0.070    0.110    0.160 
gj3685a  3256.000   51.000    5.100    0.070   -0.100    0.160 
gj445    3369.000   51.000    5.020    0.070    0.000    0.160 
gj447    3264.000   51.000    5.090    0.070   -0.040    0.160 
gj1151   3221.000   51.000    5.110    0.070   -0.050    0.160 
gj450    3645.000   51.000    4.870    0.070   -0.170    0.160 
gj3704   3338.000   51.000    5.020    0.070    0.100    0.160 
gj3707   3375.000   51.000    4.980    0.070    0.170    0.160 
gj3708a  3471.000   51.000    4.950    0.070   -0.060    0.160 
gj458a   3933.000   51.000    4.700    0.070   -0.030    0.160 
gj1156   3115.000   51.000    5.150    0.070   -0.020    0.160 
gj463    3540.000   51.000    4.860    0.070    0.050    0.160 
gj465    3485.000   51.000    4.980    0.070   -0.170    0.160 
gj471    3914.000   51.000    4.710    0.070   -0.070    0.160 
gj476    3572.000   51.000    4.850    0.070    0.020    0.160 
gj480    3439.000   51.000    4.960    0.070    0.000    0.160 
gj486    3389.000   51.000    5.000    0.070    0.030    0.160 
gj493.1  3192.000   51.000    5.130    0.070   -0.040    0.160 
gj507.1  3812.000   51.000    4.670    0.070    0.180    0.160 
gj508.2  3763.000   51.000    4.730    0.070    0.030    0.160 
gj3779   3324.000   51.000    5.050    0.070    0.000    0.160 
gj512a   3482.000   51.000    4.920    0.070    0.010    0.160 
gj513    3449.000   51.000    4.930    0.070    0.090    0.160 
gj514    3714.000   51.000    4.810    0.070   -0.150    0.160 
gj3801   3373.000   51.000    5.020    0.070   -0.010    0.160 
gj525    3806.000   51.000    4.850    0.070   -0.430    0.160 
gj526    3678.000   51.000    4.790    0.070   -0.040    0.160 
gj3804   3402.000   51.000    4.990    0.070    0.010    0.160 
gj3817   3372.000   51.000    5.050    0.070   -0.150    0.160 
gj3820   3264.000   51.000    5.090    0.070   -0.040    0.160 
gj536    3724.000   51.000    4.770    0.070   -0.040    0.160 
gj540    3841.000   51.000    4.670    0.070    0.160    0.160 
gj3836   3480.000   51.000    4.910    0.070    0.040    0.160 
gj549b   3521.000   51.000    4.910    0.070   -0.070    0.160 
gj548b   3947.000   51.000    4.650    0.070    0.170    0.160 
gj548a   4024.000   51.000    4.640    0.070    0.170    0.160 
gj552    3671.000   51.000    4.760    0.070    0.060    0.160 
gj553    4089.000   51.000    4.630    0.070    0.140    0.160 
gj553.1  3400.000   51.000    5.000    0.070    0.000    0.160 
gj555    3337.000   51.000    5.010    0.070    0.120    0.160 
gj3871   3548.000   51.000    4.890    0.070   -0.080    0.160 
gj3873   3379.000   51.000    5.000    0.070    0.060    0.160 
gj3885   3425.000   51.000    4.990    0.070   -0.060    0.160 
gj3892   3492.000   51.000    4.920    0.070   -0.010    0.160 
gj581    3441.000   51.000    4.980    0.070   -0.080    0.160 
gj9520   3486.000   51.000    5.020    0.070   -0.340    0.160 
gj592    3370.000   51.000    5.000    0.070    0.070    0.160 
gj3916   3528.000   51.000    4.950    0.070   -0.210    0.160 
gj606    3625.000   51.000    4.890    0.070   -0.190    0.160 
gj609    3330.000   51.000    5.040    0.070    0.040    0.160 
gj617b   3488.000   51.000    4.930    0.070   -0.030    0.160 
gj617a   4090.000   51.000    4.620    0.070    0.150    0.160 
gj625    3525.000   51.000    4.970    0.070   -0.260    0.160 
gj628    3389.000   51.000    5.000    0.070    0.000    0.160 
gj1203   3487.000   51.000    4.910    0.070    0.010    0.160 
gj3972   3506.000   51.000    4.920    0.070   -0.060    0.160 
gj643    3345.000   51.000    5.040    0.070   -0.050    0.160 
gj1207   3284.000   51.000    5.090    0.070   -0.100    0.160 
gj649    3734.000   51.000    4.780    0.070   -0.080    0.160 
gj3988   3243.000   51.000    5.080    0.070    0.050    0.160 
gj654    3642.000   51.000    4.810    0.070   -0.010    0.160 
gj655    3486.000   51.000    4.940    0.070   -0.070    0.160 
gj3992   3426.000   51.000    4.970    0.070    0.010    0.160 
gj2128   3543.000   51.000    4.910    0.070   -0.100    0.160 
gj671    3498.000   51.000    4.930    0.070   -0.070    0.160 
gj678.1a 3812.000   51.000    4.770    0.070   -0.150    0.160 
gj685    3893.000   51.000    4.690    0.070    0.060    0.160 
gj686    3656.000   51.000    4.870    0.070   -0.230    0.160 
gj1222   3322.000   51.000    5.020    0.070    0.120    0.160 
gj699    3273.000   51.000    5.110    0.070   -0.150    0.160 
gj4040   3441.000   51.000    4.970    0.070   -0.040    0.160 
gj1223   3163.000   51.000    5.120    0.070    0.030    0.160 
gj701    3663.000   51.000    4.860    0.070   -0.200    0.160 
gj4048a  3440.000   51.000    4.980    0.070   -0.080    0.160 
gj4053   3181.000   51.000    5.150    0.070   -0.170    0.160 
gj710    4143.000   51.000    4.660    0.070   -0.110    0.160 
gj712    3405.000   51.000    4.990    0.070    0.000    0.160 
gj1227   3219.000   51.000    5.110    0.070   -0.040    0.160 
gj4062   3413.000   51.000    5.010    0.070   -0.070    0.160 
gj4063   3400.000   51.000    4.970    0.070    0.110    0.160 
gj720a   3932.000   51.000    4.680    0.070    0.060    0.160 
gj4065   3304.000   51.000    5.080    0.070   -0.080    0.160 
gj724    3812.000   51.000    4.700    0.070    0.080    0.160 
gj4070   3471.000   51.000    4.960    0.070   -0.100    0.160 
gj4077   3496.000   51.000    4.940    0.070   -0.110    0.160 
gj729    3293.000   51.000    5.120    0.070   -0.250    0.160 
gj740    3923.000   51.000    4.680    0.070    0.080    0.160 
gj745a   3536.000   51.000    4.940    0.070   -0.200    0.160 
gj745b   3526.000   51.000    4.960    0.070   -0.230    0.160 
gj4098   3454.000   51.000    4.960    0.070   -0.030    0.160 
gj1232   3259.000   51.000    5.080    0.070    0.020    0.160 
gj752a   3534.000   51.000    4.900    0.070   -0.040    0.160 
gj1235   3059.000   51.000    5.170    0.070   -0.030    0.160 
gj4109   3403.000   51.000    5.000    0.070   -0.020    0.160 
gj763    4062.000   51.000    4.690    0.070   -0.170    0.160 
gj1243   3278.000   51.000    5.100    0.070   -0.110    0.160 
gj1253   3189.000   51.000    5.110    0.070    0.050    0.160 
gj793    3471.000   51.000    4.960    0.070   -0.100    0.160 
gj1254   3372.000   51.000    4.990    0.070    0.120    0.160 
gj1256   3234.000   51.000    5.100    0.070    0.020    0.160 
gj806    3586.000   51.000    4.890    0.070   -0.150    0.160 
gj809a   3843.000   51.000    4.710    0.070    0.040    0.160 
gj810b   3177.000   51.000    5.130    0.070   -0.030    0.160 
gj811.1  3514.000   51.000    4.910    0.070   -0.030    0.160 
gj816    3507.000   51.000    4.920    0.070   -0.080    0.160 
gj4184   3675.000   51.000    4.680    0.070    0.290    0.160 
gj4205   3497.000   51.000    4.910    0.070    0.000    0.160 
gj1263a  3352.000   51.000    5.030    0.070    0.020    0.160 
gj4247   3267.000   51.000    5.120    0.070   -0.190    0.160 
gj843    3422.000   51.000    4.990    0.070   -0.040    0.160 
gj846    3915.000   51.000    4.690    0.070    0.030    0.160 
gj4258   3653.000   51.000    4.860    0.070   -0.170    0.160 
gj849    3467.000   51.000    4.940    0.070   -0.020    0.160 
gj851    3550.000   51.000    4.930    0.070   -0.130    0.160 
gj9773   3501.000   51.000    4.920    0.070   -0.040    0.160 
gj1265   3236.000   51.000    5.090    0.070    0.010    0.160 
gj4274   3202.000   51.000    5.130    0.070   -0.070    0.160 
gj4276   3387.000   51.000    4.970    0.070    0.120    0.160 
gj1270   3317.000   51.000    5.030    0.070    0.100    0.160 
gj863    3669.000   51.000    4.860    0.070   -0.200    0.160 
gj873    3291.000   51.000    5.110    0.070   -0.190    0.160 
gj875    3904.000   51.000    4.720    0.070   -0.100    0.160 
gj875.1  3404.000   51.000    5.020    0.070   -0.120    0.160 
gj876    3377.000   51.000    4.990    0.070    0.070    0.160 
gj4306   3834.000   51.000    4.700    0.070    0.060    0.160 
gj880    3805.000   51.000    4.690    0.070    0.120    0.160 
gj4333   3364.000   51.000    5.000    0.070    0.100    0.160 
gj895    3842.000   51.000    4.680    0.070    0.140    0.160 
gj899    3559.000   51.000    4.860    0.070    0.000    0.160 
gj1286   3052.000   51.000    5.190    0.070   -0.090    0.160 
gj4352   3551.000   51.000    4.910    0.070   -0.130    0.160 
gj905    3142.000   51.000    5.130    0.070    0.020    0.160 
gj1289   3256.000   51.000    5.090    0.070   -0.040    0.160 
gj908    3653.000   51.000    4.840    0.070   -0.130    0.160 
gj4367   3347.000   51.000    5.020    0.070    0.050    0.160 
gj912    3694.000   51.000    4.710    0.070    0.180    0.160 
gj4383   3471.000   51.000    4.940    0.070   -0.030    0.160 
