spirou_wiki list_stars_SLS_PS.csv from spirou wikiGJ1002       2887        0    5.000    0.000    0.000    0.000
Gl15A        3603        0    5.000    0.000    0.000    0.000
Gl15B        3218        0    5.000    0.000    0.000    0.000
GJ1012       3338        0    5.000    0.000    0.000    0.000
Gl48         3455        0    5.000    0.000    0.000    0.000
GJ1026       3491        0    5.000    0.000    0.000    0.000
Gl51         3039        0    5.000    0.000    0.000    0.000
Gl54.1       3056        0    5.000    0.000    0.000    0.000
Gl83.1       3080        0    5.000    0.000    0.000    0.000
GJ3148       3345        0    5.000    0.000    0.000    0.000
Gl102        3199        0    5.000    0.000    0.000    0.000
Gl105B       3284        0    5.000    0.000    0.000    0.000
GJ3192A      3352        0    5.000    0.000    0.000    0.000
GJ1057       2923        0    5.000    0.000    0.000    0.000
Gl166C       3167        0    5.000    0.000    0.000    0.000
Gl169.1A     3272        0    5.000    0.000    0.000    0.000
Gl179        3424        0    5.000    0.000    0.000    0.000
GJ3323       3143        0    5.000    0.000    0.000    0.000
GJ3325       3365        0    5.000    0.000    0.000    0.000
Gl205        3825        0    5.000    0.000    0.000    0.000
GJ3356       3340        0    5.000    0.000    0.000    0.000
Gl213        3250        0    5.000    0.000    0.000    0.000
GJ3378       3340        0    5.000    0.000    0.000    0.000
Gl229        3779        0    5.000    0.000    0.000    0.000
Gl251        3448        0    5.000    0.000    0.000    0.000
Gl273        3317        0    5.000    0.000    0.000    0.000
Gl285        3045        0    5.000    0.000    0.000    0.000
GJ1103       3137        0    5.000    0.000    0.000    0.000
GJ1105       3263        0    5.000    0.000    0.000    0.000
Gl299        3021        0    5.000    0.000    0.000    0.000
Gl300        3146        0    5.000    0.000    0.000    0.000
GJ1111       2800        0    5.000    0.000    0.000    0.000
GJ3506       3504        0    5.000    0.000    0.000    0.000
Gl317        3305        0    5.000    0.000    0.000    0.000
GJ1119       3218        0    5.000    0.000    0.000    0.000
Gl338B       3869        0    5.000    0.000    0.000    0.000
GJ1125       3385        0    5.000    0.000    0.000    0.000
Gl362        3386        0    5.000    0.000    0.000    0.000
GJ1129       3243        0    5.000    0.000    0.000    0.000
Gl388        3370        0    5.000    0.000    0.000    0.000
GJ1134       3252        0    5.000    0.000    0.000    0.000
GJ3622       2772        0    5.000    0.000    0.000    0.000
Gl402        3238        0    5.000    0.000    0.000    0.000
Gl406        2818        0    5.000    0.000    0.000    0.000
Gl408        3526        0    5.000    0.000    0.000    0.000
Gl410        3754        0    5.000    0.000    0.000    0.000
Gl411        3547        0    5.000    0.000    0.000    0.000
Gl412A       3549        0    5.000    0.000    0.000    0.000
Gl412B       2863        0    5.000    0.000    0.000    0.000
GJ1148       3304        0    5.000    0.000    0.000    0.000
Gl445        3195        0    5.000    0.000    0.000    0.000
Gl447        3192        0    5.000    0.000    0.000    0.000
GJ1151       3118        0    5.000    0.000    0.000    0.000
GJ3707       3385        0    5.000    0.000    0.000    0.000
GJ1154       2939        0    5.000    0.000    0.000    0.000
Gl480        3463        0    5.000    0.000    0.000    0.000
Gl486        3313        0    5.000    0.000    0.000    0.000
GJ3801       3337        0    5.000    0.000    0.000    0.000
Gl526        3625        0    5.000    0.000    0.000    0.000
GJ3804       3328        0    5.000    0.000    0.000    0.000
GJ3820       3130        0    5.000    0.000    0.000    0.000
Gl553.1      3338        0    5.000    0.000    0.000    0.000
Gl555        3211        0    5.000    0.000    0.000    0.000
GJ9492       3627        0    5.000    0.000    0.000    0.000
GJ3877       2437        0    5.000    0.000    0.000    0.000
Gl581        3470        0    5.000    0.000    0.000    0.000
GJ9520       3553        0    5.000    0.000    0.000    0.000
Gl609        3318        0    5.000    0.000    0.000    0.000
Gl617B       3479        0    5.000    0.000    0.000    0.000
Gl625        3475        0    5.000    0.000    0.000    0.000
Gl628        3272        0    5.000    0.000    0.000    0.000
Gl643        3279        0    5.000    0.000    0.000    0.000
GJ3988       3091        0    5.000    0.000    0.000    0.000
GJ3992       3432        0    5.000    0.000    0.000    0.000
Gl669A       3327        0    5.000    0.000    0.000    0.000
Gl687        3420        0    5.000    0.000    0.000    0.000
Gl699        3224        0    5.000    0.000    0.000    0.000
GJ1227       3092        0    5.000    0.000    0.000    0.000
GJ4063       3350        0    5.000    0.000    0.000    0.000
GJ4071       3270        0    5.000    0.000    0.000    0.000
Gl725A       3398        0    5.000    0.000    0.000    0.000
Gl725B       3106        0    5.000    0.000    0.000    0.000
Gl729        3240        0    5.000    0.000    0.000    0.000
Gl752A       3558        0    5.000    0.000    0.000    0.000
GJ1245B      2859        0    5.000    0.000    0.000    0.000
GJ1256       3080        0    5.000    0.000    0.000    0.000
Gl843        3361        0    5.000    0.000    0.000    0.000
Gl849        3530        0    5.000    0.000    0.000    0.000
GJ4274       3039        0    5.000    0.000    0.000    0.000
Gl873        3400        0    5.000    0.000    0.000    0.000
Gl880        3723        0    5.000    0.000    0.000    0.000
GJ4333       3324        0    5.000    0.000    0.000    0.000
Gl905        2930        0    5.000    0.000    0.000    0.000
GJ1289       3173        0    5.000    0.000    0.000    0.000
Gl908        3646        0    5.000    0.000    0.000    0.000
gl357        3280        0    5.000    0.000    0.000    0.000
